.NAME zeilon
.INST Brown University
.MAIL 324 Brook Street, Providence, RI 02912
.EMAIL eilon@geol.ucsb.edu
.PHONE (845) 365-8460
.FAX (845) 365-8101
.MEDIA: Electronic
.ALTERNATE MEDIA: EXABYTE
.ALTERNATE MEDIA: DVD
.LABEL RSSD_IU_30_75_P
.QUALITY B
.END

RSSD IU 2017 09 10 21 46 50.034  2017 09 10 21 50 12.034 1 BH? 
RSSD IU 2017 09 08 05 05 58.214  2017 09 08 05 09 20.214 1 BH? 
RSSD IU 2017 09 01 11 14 04.647  2017 09 01 11 17 26.647 1 BH? 
RSSD IU 2017 08 13 16 59 53.341  2017 08 13 17 03 15.341 1 BH? 
RSSD IU 2017 07 30 21 09 58.493  2017 07 30 21 13 20.493 1 BH? 
RSSD IU 2017 07 27 18 01 19.445  2017 07 27 18 04 41.445 1 BH? 
RSSD IU 2017 07 18 02 14 24.498  2017 07 18 02 17 46.498 1 BH? 
RSSD IU 2017 07 17 11 12 52.845  2017 07 17 11 16 14.845 1 BH? 
RSSD IU 2017 06 30 22 36 51.141  2017 06 30 22 40 13.141 1 BH? 
RSSD IU 2017 06 30 01 42 16.179  2017 06 30 01 45 38.179 1 BH? 
RSSD IU 2017 06 24 16 18 07.915  2017 06 24 16 21 29.915 1 BH? 
RSSD IU 2017 06 22 12 35 48.359  2017 06 22 12 39 10.359 1 BH? 
RSSD IU 2017 06 14 07 33 32.088  2017 06 14 07 36 54.088 1 BH? 
RSSD IU 2017 06 02 22 32 25.053  2017 06 02 22 35 47.053 1 BH? 
RSSD IU 2017 05 24 16 42 03.479  2017 05 24 16 45 25.479 1 BH? 
RSSD IU 2017 05 12 10 46 24.231  2017 05 12 10 49 46.231 1 BH? 
RSSD IU 2017 05 08 17 07 47.608  2017 05 08 17 11 09.608 1 BH? 
RSSD IU 2017 05 08 15 54 23.258  2017 05 08 15 57 45.258 1 BH? 
RSSD IU 2017 04 27 14 53 45.910  2017 04 27 14 57 07.910 1 BH? 
RSSD IU 2017 04 18 17 57 34.075  2017 04 18 18 00 56.075 1 BH? 
RSSD IU 2017 03 29 04 17 19.390  2017 03 29 04 20 41.390 1 BH? 
RSSD IU 2017 03 27 10 57 55.124  2017 03 27 11 01 17.124 1 BH? 
RSSD IU 2017 02 21 14 17 54.993  2017 02 21 14 21 16.993 1 BH? 
RSSD IU 2017 02 03 20 01 07.088  2017 02 03 20 04 29.088 1 BH? 
RSSD IU 2017 01 17 09 12 58.642  2017 01 17 09 16 20.642 1 BH? 
RSSD IU 2017 01 11 22 08 04.722  2017 01 11 22 11 26.722 1 BH? 
RSSD IU 2017 01 08 23 51 45.490  2017 01 08 23 55 07.490 1 BH? 
RSSD IU 2017 01 06 06 40 12.655  2017 01 06 06 43 34.655 1 BH? 
RSSD IU 2017 01 02 13 21 27.675  2017 01 02 13 24 49.675 1 BH? 
RSSD IU 2016 12 18 13 37 50.578  2016 12 18 13 41 12.578 1 BH? 
RSSD IU 2016 12 11 14 40 52.399  2016 12 11 14 44 14.399 1 BH? 
RSSD IU 2016 12 06 21 49 28.167  2016 12 06 21 52 50.167 1 BH? 
RSSD IU 2016 12 03 09 31 02.011  2016 12 03 09 34 24.011 1 BH? 
RSSD IU 2016 12 01 22 49 36.379  2016 12 01 22 52 58.379 1 BH? 
RSSD IU 2016 11 24 18 48 57.763  2016 11 24 18 52 19.763 1 BH? 
RSSD IU 2016 10 27 11 59 01.540  2016 10 27 12 02 23.540 1 BH? 
RSSD IU 2016 10 23 20 35 00.847  2016 10 23 20 38 22.847 1 BH? 
RSSD IU 2016 09 15 06 02 35.952  2016 09 15 06 05 57.953 1 BH? 
RSSD IU 2016 09 14 02 04 57.134  2016 09 14 02 08 19.134 1 BH? 
RSSD IU 2016 09 12 07 01 43.919  2016 09 12 07 05 05.919 1 BH? 
RSSD IU 2016 09 10 10 16 00.180  2016 09 10 10 19 22.180 1 BH? 
RSSD IU 2016 09 05 23 01 48.826  2016 09 05 23 05 10.826 1 BH? 
RSSD IU 2016 08 14 11 24 41.338  2016 08 14 11 28 03.338 1 BH? 
RSSD IU 2016 07 23 01 09 03.212  2016 07 23 01 12 25.212 1 BH? 
RSSD IU 2016 07 11 02 18 05.975  2016 07 11 02 21 27.975 1 BH? 
RSSD IU 2016 07 11 02 08 11.698  2016 07 11 02 11 33.698 1 BH? 
RSSD IU 2016 06 21 16 34 05.599  2016 06 21 16 37 27.599 1 BH? 
RSSD IU 2016 06 13 01 06 42.124  2016 06 13 01 10 04.124 1 BH? 
RSSD IU 2016 06 10 03 30 30.399  2016 06 10 03 33 52.399 1 BH? 
RSSD IU 2016 06 08 08 38 39.160  2016 06 08 08 42 01.160 1 BH? 
RSSD IU 2016 05 31 20 56 37.647  2016 05 31 20 59 59.647 1 BH? 
RSSD IU 2016 05 31 10 13 00.909  2016 05 31 10 16 22.909 1 BH? 
RSSD IU 2016 05 18 16 53 44.486  2016 05 18 16 57 06.486 1 BH? 
RSSD IU 2016 05 18 08 04 05.231  2016 05 18 08 07 27.231 1 BH? 
RSSD IU 2016 05 14 18 26 22.257  2016 05 14 18 29 44.258 1 BH? 
RSSD IU 2016 05 03 00 10 25.152  2016 05 03 00 13 47.152 1 BH? 
RSSD IU 2016 04 29 01 38 40.373  2016 04 29 01 42 02.373 1 BH? 
RSSD IU 2016 04 27 12 55 55.422  2016 04 27 12 59 17.422 1 BH? 
RSSD IU 2016 04 25 07 11 44.771  2016 04 25 07 15 06.771 1 BH? 
RSSD IU 2016 04 23 01 31 34.714  2016 04 23 01 34 56.714 1 BH? 
RSSD IU 2016 04 22 03 27 19.760  2016 04 22 03 30 41.761 1 BH? 
RSSD IU 2016 04 22 03 10 48.222  2016 04 22 03 14 10.222 1 BH? 
RSSD IU 2016 04 20 08 42 11.410  2016 04 20 08 45 33.410 1 BH? 
RSSD IU 2016 04 20 08 40 47.452  2016 04 20 08 44 09.452 1 BH? 
RSSD IU 2016 04 17 07 21 06.680  2016 04 17 07 24 28.680 1 BH? 
RSSD IU 2016 04 15 14 16 12.570  2016 04 15 14 19 34.570 1 BH? 
RSSD IU 2016 04 14 03 14 20.558  2016 04 14 03 17 42.558 1 BH? 
RSSD IU 2016 04 12 03 29 44.718  2016 04 12 03 33 06.718 1 BH? 
RSSD IU 2016 04 02 05 55 15.399  2016 04 02 05 58 37.399 1 BH? 
RSSD IU 2016 03 27 18 07 43.393  2016 03 27 18 11 05.393 1 BH? 
RSSD IU 2016 03 20 22 58 23.289  2016 03 20 23 01 45.289 1 BH? 
RSSD IU 2016 03 19 11 33 02.273  2016 03 19 11 36 24.273 1 BH? 
RSSD IU 2016 03 19 01 41 51.943  2016 03 19 01 45 13.943 1 BH? 
RSSD IU 2016 03 12 18 13 23.159  2016 03 12 18 16 45.159 1 BH? 
RSSD IU 2016 01 30 03 33 15.095  2016 01 30 03 36 37.095 1 BH? 
RSSD IU 2016 01 25 04 31 48.250  2016 01 25 04 35 10.250 1 BH? 
RSSD IU 2016 01 24 10 35 12.695  2016 01 24 10 38 34.695 1 BH? 
RSSD IU 2016 01 14 03 34 23.918  2016 01 14 03 37 45.918 1 BH? 
RSSD IU 2016 01 11 17 17 33.522  2016 01 11 17 20 55.522 1 BH? 
RSSD IU 2015 12 31 11 02 18.519  2015 12 31 11 05 40.519 1 BH? 
RSSD IU 2015 12 07 22 58 11.686  2015 12 07 23 01 33.686 1 BH? 
RSSD IU 2015 11 26 05 52 53.671  2015 11 26 05 56 15.671 1 BH? 
RSSD IU 2015 11 16 16 58 09.038  2015 11 16 17 01 31.038 1 BH? 
RSSD IU 2015 11 16 00 44 21.383  2015 11 16 00 47 43.383 1 BH? 
RSSD IU 2015 11 09 16 10 20.869  2015 11 09 16 13 42.869 1 BH? 
RSSD IU 2015 11 08 11 39 48.427  2015 11 08 11 43 10.427 1 BH? 
RSSD IU 2015 11 08 08 22 44.988  2015 11 08 08 26 06.988 1 BH? 
RSSD IU 2015 11 02 08 22 10.012  2015 11 02 08 25 32.012 1 BH? 
RSSD IU 2015 11 01 15 26 04.812  2015 11 01 15 29 26.812 1 BH? 
RSSD IU 2015 10 14 05 51 58.019  2015 10 14 05 55 20.019 1 BH? 
RSSD IU 2015 10 14 05 51 57.703  2015 10 14 05 55 19.703 1 BH? 
RSSD IU 2015 10 05 17 42 48.203  2015 10 05 17 46 10.203 1 BH? 
RSSD IU 2015 09 18 16 07 44.794  2015 09 18 16 11 06.794 1 BH? 
RSSD IU 2015 09 10 10 33 01.002  2015 09 10 10 36 23.002 1 BH? 
RSSD IU 2015 09 08 08 08 30.451  2015 09 08 08 11 52.451 1 BH? 
RSSD IU 2015 09 05 13 24 54.723  2015 09 05 13 28 16.723 1 BH? 
RSSD IU 2015 09 05 13 24 53.804  2015 09 05 13 28 15.804 1 BH? 
RSSD IU 2015 08 15 20 23 03.144  2015 08 15 20 26 25.144 1 BH? 
RSSD IU 2015 07 29 02 40 42.349  2015 07 29 02 44 04.349 1 BH? 
RSSD IU 2015 07 29 00 16 40.699  2015 07 29 00 20 02.699 1 BH? 
RSSD IU 2015 07 27 07 49 43.490  2015 07 27 07 53 05.490 1 BH? 
RSSD IU 2015 07 27 07 46 44.019  2015 07 27 07 50 06.019 1 BH? 
RSSD IU 2015 07 27 05 02 00.744  2015 07 27 05 05 22.744 1 BH? 
RSSD IU 2015 07 27 04 57 35.793  2015 07 27 05 00 57.793 1 BH? 
RSSD IU 2015 07 27 04 56 00.320  2015 07 27 04 59 22.320 1 BH? 
RSSD IU 2015 07 16 15 23 38.212  2015 07 16 15 27 00.212 1 BH? 
RSSD IU 2015 07 16 11 08 52.715  2015 07 16 11 12 14.715 1 BH? 
RSSD IU 2015 07 07 16 16 14.627  2015 07 07 16 19 36.627 1 BH? 
RSSD IU 2015 07 07 07 09 53.574  2015 07 07 07 13 15.574 1 BH? 
RSSD IU 2015 07 07 05 20 00.567  2015 07 07 05 23 22.567 1 BH? 
RSSD IU 2015 06 29 09 18 18.972  2015 06 29 09 21 40.972 1 BH? 
RSSD IU 2015 06 24 22 37 01.775  2015 06 24 22 40 23.775 1 BH? 
RSSD IU 2015 06 10 14 01 51.179  2015 06 10 14 05 13.179 1 BH? 
RSSD IU 2015 05 29 07 05 10.503  2015 05 29 07 08 32.503 1 BH? 
RSSD IU 2015 03 23 05 00 55.274  2015 03 23 05 04 17.274 1 BH? 
RSSD IU 2015 03 10 21 02 12.036  2015 03 10 21 05 34.036 1 BH? 
RSSD IU 2015 03 09 02 54 55.523  2015 03 09 02 58 17.523 1 BH? 
RSSD IU 2015 02 13 19 05 58.256  2015 02 13 19 09 20.256 1 BH? 
RSSD IU 2015 02 05 04 47 12.432  2015 02 05 04 50 34.432 1 BH? 
RSSD IU 2015 01 07 05 13 22.610  2015 01 07 05 16 44.610 1 BH? 
RSSD IU 2014 12 26 23 58 26.330  2014 12 27 00 01 48.330 1 BH? 
RSSD IU 2014 12 08 09 00 50.331  2014 12 08 09 04 12.331 1 BH? 
RSSD IU 2014 12 07 21 21 20.485  2014 12 07 21 24 42.485 1 BH? 
RSSD IU 2014 12 07 12 16 16.094  2014 12 07 12 19 38.094 1 BH? 
RSSD IU 2014 12 06 17 27 47.133  2014 12 06 17 31 09.134 1 BH? 
RSSD IU 2014 10 26 10 53 51.306  2014 10 26 10 57 13.306 1 BH? 
RSSD IU 2014 10 02 13 05 20.335  2014 10 02 13 08 42.335 1 BH? 
RSSD IU 2014 09 25 17 55 58.121  2014 09 25 17 59 20.121 1 BH? 
RSSD IU 2014 09 06 07 58 13.736  2014 09 06 08 01 35.736 1 BH? 
RSSD IU 2014 09 06 07 02 51.656  2014 09 06 07 06 13.656 1 BH? 
RSSD IU 2014 09 05 19 46 09.957  2014 09 05 19 49 31.957 1 BH? 
RSSD IU 2014 09 03 20 43 38.863  2014 09 03 20 47 00.863 1 BH? 
RSSD IU 2014 08 24 23 30 34.419  2014 08 24 23 33 56.419 1 BH? 
RSSD IU 2014 08 24 23 30 32.576  2014 08 24 23 33 54.576 1 BH? 
RSSD IU 2014 07 27 01 36 03.971  2014 07 27 01 39 25.971 1 BH? 
RSSD IU 2014 07 20 18 42 13.273  2014 07 20 18 45 35.273 1 BH? 
RSSD IU 2014 07 07 11 28 26.163  2014 07 07 11 31 48.163 1 BH? 
RSSD IU 2014 07 03 19 13 48.959  2014 07 03 19 17 10.959 1 BH? 
RSSD IU 2014 07 03 12 13 10.414  2014 07 03 12 16 32.414 1 BH? 
RSSD IU 2014 07 03 12 13 02.857  2014 07 03 12 16 24.857 1 BH? 
RSSD IU 2014 07 03 03 04 27.552  2014 07 03 03 07 49.552 1 BH? 
RSSD IU 2014 07 03 03 04 26.454  2014 07 03 03 07 48.454 1 BH? 
RSSD IU 2014 06 24 08 19 51.911  2014 06 24 08 23 13.911 1 BH? 
RSSD IU 2014 06 24 03 22 56.488  2014 06 24 03 26 18.488 1 BH? 
RSSD IU 2014 06 24 00 59 30.521  2014 06 24 01 02 52.521 1 BH? 
RSSD IU 2014 06 23 22 36 52.980  2014 06 23 22 40 14.980 1 BH? 
RSSD IU 2014 06 23 21 37 48.593  2014 06 23 21 41 10.593 1 BH? 
RSSD IU 2014 06 23 21 18 42.421  2014 06 23 21 22 04.421 1 BH? 
RSSD IU 2014 06 23 21 07 03.202  2014 06 23 21 10 25.202 1 BH? 
RSSD IU 2014 06 20 20 32 01.964  2014 06 20 20 35 23.964 1 BH? 
RSSD IU 2014 06 19 20 03 40.185  2014 06 19 20 07 02.185 1 BH? 
RSSD IU 2014 06 19 09 48 12.393  2014 06 19 09 51 34.393 1 BH? 
RSSD IU 2014 06 16 12 06 45.434  2014 06 16 12 10 07.434 1 BH? 
RSSD IU 2014 06 16 06 46 28.059  2014 06 16 06 49 50.059 1 BH? 
RSSD IU 2014 06 07 04 49 11.006  2014 06 07 04 52 33.006 1 BH? 
RSSD IU 2014 06 05 17 31 58.451  2014 06 05 17 35 20.451 1 BH? 
RSSD IU 2014 05 28 21 20 45.732  2014 05 28 21 24 07.732 1 BH? 
RSSD IU 2014 05 18 23 54 05.642  2014 05 18 23 57 27.642 1 BH? 
RSSD IU 2014 05 16 11 08 19.405  2014 05 16 11 11 41.405 1 BH? 
RSSD IU 2014 05 13 06 41 30.865  2014 05 13 06 44 52.865 1 BH? 
RSSD IU 2014 05 10 14 20 50.718  2014 05 10 14 24 12.718 1 BH? 
RSSD IU 2014 05 03 09 02 51.286  2014 05 03 09 06 13.286 1 BH? 
RSSD IU 2014 04 20 02 03 50.476  2014 04 20 02 07 12.476 1 BH? 
RSSD IU 2014 04 19 21 04 18.776  2014 04 19 21 07 40.776 1 BH? 
RSSD IU 2014 04 18 19 02 24.633  2014 04 18 19 05 46.633 1 BH? 
RSSD IU 2014 04 18 18 49 55.233  2014 04 18 18 53 17.233 1 BH? 
RSSD IU 2014 04 11 20 34 19.021  2014 04 11 20 37 41.021 1 BH? 
RSSD IU 2014 04 11 00 11 24.712  2014 04 11 00 14 46.712 1 BH? 
RSSD IU 2014 04 10 23 32 57.286  2014 04 10 23 36 19.286 1 BH? 
RSSD IU 2014 04 07 13 52 58.257  2014 04 07 13 56 20.257 1 BH? 
RSSD IU 2014 04 04 01 47 30.615  2014 04 04 01 50 52.615 1 BH? 
RSSD IU 2014 04 03 05 35 54.566  2014 04 03 05 39 16.566 1 BH? 
RSSD IU 2014 04 03 02 08 08.344  2014 04 03 02 11 30.344 1 BH? 
RSSD IU 2014 04 02 16 19 25.728  2014 04 02 16 22 47.728 1 BH? 
RSSD IU 2014 04 02 04 55 55.971  2014 04 02 04 59 17.971 1 BH? 
RSSD IU 2014 04 02 00 12 47.460  2014 04 02 00 16 09.460 1 BH? 
RSSD IU 2014 04 02 00 09 30.782  2014 04 02 00 12 52.782 1 BH? 
RSSD IU 2014 04 02 00 07 32.364  2014 04 02 00 10 54.364 1 BH? 
RSSD IU 2014 03 24 15 55 04.645  2014 03 24 15 58 26.645 1 BH? 
RSSD IU 2014 03 24 11 50 18.293  2014 03 24 11 53 40.293 1 BH? 
RSSD IU 2014 03 24 11 36 13.689  2014 03 24 11 39 35.689 1 BH? 
RSSD IU 2014 03 23 18 29 35.636  2014 03 23 18 32 57.636 1 BH? 
RSSD IU 2014 03 22 13 09 33.271  2014 03 22 13 12 55.271 1 BH? 
RSSD IU 2014 03 18 21 36 23.174  2014 03 18 21 39 45.174 1 BH? 
RSSD IU 2014 03 17 05 21 11.116  2014 03 17 05 24 33.116 1 BH? 
RSSD IU 2014 03 16 21 26 05.676  2014 03 16 21 29 27.676 1 BH? 
RSSD IU 2014 03 15 23 59 12.668  2014 03 16 00 02 34.668 1 BH? 
RSSD IU 2014 03 15 09 08 09.137  2014 03 15 09 11 31.137 1 BH? 
RSSD IU 2014 03 02 22 21 53.397  2014 03 02 22 25 15.397 1 BH? 
RSSD IU 2014 03 02 09 42 54.975  2014 03 02 09 46 16.975 1 BH? 
RSSD IU 2014 02 26 21 19 39.397  2014 02 26 21 23 01.397 1 BH? 
RSSD IU 2014 02 18 23 44 43.114  2014 02 18 23 48 05.114 1 BH? 
RSSD IU 2014 02 18 09 34 11.860  2014 02 18 09 37 33.860 1 BH? 
RSSD IU 2014 02 12 11 52 53.772  2014 02 12 11 56 15.772 1 BH? 
RSSD IU 2014 01 29 10 11 09.619  2014 01 29 10 14 31.619 1 BH? 
RSSD IU 2014 01 13 04 06 54.193  2014 01 13 04 10 16.193 1 BH? 
RSSD IU 2014 01 08 04 31 49.592  2014 01 08 04 35 11.592 1 BH? 
RSSD IU 2014 01 07 23 09 56.693  2014 01 07 23 13 18.693 1 BH? 
RSSD IU 2014 01 04 00 21 28.815  2014 01 04 00 24 50.815 1 BH? 
RSSD IU 2013 12 08 17 34 22.751  2013 12 08 17 37 44.751 1 BH? 
RSSD IU 2013 11 25 06 06 07.707  2013 11 25 06 09 29.707 1 BH? 
RSSD IU 2013 11 13 04 04 41.343  2013 11 13 04 08 03.343 1 BH? 
RSSD IU 2013 11 12 07 11 52.834  2013 11 12 07 15 14.834 1 BH? 
RSSD IU 2013 11 02 16 02 05.444  2013 11 02 16 05 27.444 1 BH? 
RSSD IU 2013 10 12 02 17 25.505  2013 10 12 02 20 47.505 1 BH? 
RSSD IU 2013 10 11 09 38 24.392  2013 10 11 09 41 46.392 1 BH? 
RSSD IU 2013 10 01 03 46 09.128  2013 10 01 03 49 31.128 1 BH? 
RSSD IU 2013 09 26 06 50 40.859  2013 09 26 06 54 02.859 1 BH? 
RSSD IU 2013 09 25 16 51 43.128  2013 09 25 16 55 05.128 1 BH? 
RSSD IU 2013 09 15 16 28 18.879  2013 09 15 16 31 40.879 1 BH? 
RSSD IU 2013 09 14 15 49 27.515  2013 09 14 15 52 49.515 1 BH? 
RSSD IU 2013 09 11 12 51 17.533  2013 09 11 12 54 39.533 1 BH? 
RSSD IU 2013 09 07 00 18 00.649  2013 09 07 00 21 22.649 1 BH? 
RSSD IU 2013 09 05 12 34 41.113  2013 09 05 12 38 03.113 1 BH? 
RSSD IU 2013 09 05 05 50 20.420  2013 09 05 05 53 42.420 1 BH? 
RSSD IU 2013 09 05 04 09 42.153  2013 09 05 04 13 04.153 1 BH? 
RSSD IU 2013 09 04 06 33 46.156  2013 09 04 06 37 08.156 1 BH? 
RSSD IU 2013 09 04 06 23 31.813  2013 09 04 06 26 53.813 1 BH? 
RSSD IU 2013 09 04 04 23 10.793  2013 09 04 04 26 32.793 1 BH? 
RSSD IU 2013 09 04 02 39 12.546  2013 09 04 02 42 34.546 1 BH? 
RSSD IU 2013 09 01 00 00 45.559  2013 09 01 00 04 07.559 1 BH? 
RSSD IU 2013 08 31 06 45 20.601  2013 08 31 06 48 42.601 1 BH? 
RSSD IU 2013 08 30 16 31 45.000  2013 08 30 16 35 07.000 1 BH? 
RSSD IU 2013 08 23 08 43 48.720  2013 08 23 08 47 10.720 1 BH? 
RSSD IU 2013 08 13 15 49 45.883  2013 08 13 15 53 07.883 1 BH? 
RSSD IU 2013 08 12 09 57 09.939  2013 08 12 10 00 31.939 1 BH? 
RSSD IU 2013 08 04 16 05 28.043  2013 08 04 16 08 50.043 1 BH? 
RSSD IU 2013 07 17 02 46 53.040  2013 07 17 02 50 15.040 1 BH? 
RSSD IU 2013 07 08 02 57 33.783  2013 07 08 03 00 55.783 1 BH? 
RSSD IU 2013 07 03 03 46 34.262  2013 07 03 03 49 56.262 1 BH? 
RSSD IU 2013 06 24 22 12 53.243  2013 06 24 22 16 15.243 1 BH? 
RSSD IU 2013 06 15 17 39 40.973  2013 06 15 17 43 02.973 1 BH? 
RSSD IU 2013 05 27 09 47 02.452  2013 05 27 09 50 24.452 1 BH? 
RSSD IU 2013 05 24 15 04 23.193  2013 05 24 15 07 45.193 1 BH? 
RSSD IU 2013 05 21 23 11 32.288  2013 05 21 23 14 54.288 1 BH? 
RSSD IU 2013 05 21 05 51 40.054  2013 05 21 05 55 02.054 1 BH? 
RSSD IU 2013 05 21 05 07 55.878  2013 05 21 05 11 17.878 1 BH? 
RSSD IU 2013 05 21 03 16 38.656  2013 05 21 03 20 00.656 1 BH? 
RSSD IU 2013 05 21 03 14 11.587  2013 05 21 03 17 33.587 1 BH? 
RSSD IU 2013 05 21 02 03 25.423  2013 05 21 02 06 47.423 1 BH? 
RSSD IU 2013 05 19 18 52 31.508  2013 05 19 18 55 53.508 1 BH? 
RSSD IU 2013 05 12 07 34 48.118  2013 05 12 07 38 10.118 1 BH? 
RSSD IU 2013 04 30 06 33 33.284  2013 04 30 06 36 55.284 1 BH? 
RSSD IU 2013 04 20 13 21 30.129  2013 04 20 13 24 52.129 1 BH? 
RSSD IU 2013 04 19 20 07 19.832  2013 04 19 20 10 41.832 1 BH? 
RSSD IU 2013 04 19 03 14 59.960  2013 04 19 03 18 21.960 1 BH? 
RSSD IU 2013 03 25 23 06 36.882  2013 03 25 23 09 58.882 1 BH? 
RSSD IU 2013 03 24 04 27 03.024  2013 03 24 04 30 25.024 1 BH? 
RSSD IU 2013 03 13 03 20 35.614  2013 03 13 03 23 57.614 1 BH? 
RSSD IU 2013 03 09 15 05 02.723  2013 03 09 15 08 24.723 1 BH? 
RSSD IU 2013 03 01 13 29 23.969  2013 03 01 13 32 45.969 1 BH? 
RSSD IU 2013 03 01 13 02 24.761  2013 03 01 13 05 46.761 1 BH? 
RSSD IU 2013 02 28 14 14 23.165  2013 02 28 14 17 45.165 1 BH? 
RSSD IU 2013 02 14 13 22 02.325  2013 02 14 13 25 24.325 1 BH? 
RSSD IU 2013 02 09 14 22 58.661  2013 02 09 14 26 20.661 1 BH? 
RSSD IU 2013 02 02 14 27 20.301  2013 02 02 14 30 42.301 1 BH? 
RSSD IU 2012 12 17 17 53 46.049  2012 12 17 17 57 08.049 1 BH? 
RSSD IU 2012 12 17 17 48 31.852  2012 12 17 17 51 53.852 1 BH? 
RSSD IU 2012 12 15 04 56 57.548  2012 12 15 05 00 19.548 1 BH? 
RSSD IU 2012 12 04 01 47 27.698  2012 12 04 01 50 49.698 1 BH? 
RSSD IU 2012 11 28 03 17 24.736  2012 11 28 03 20 46.736 1 BH? 
RSSD IU 2012 11 16 18 21 28.256  2012 11 16 18 24 50.256 1 BH? 
RSSD IU 2012 11 11 22 19 40.165  2012 11 11 22 23 02.165 1 BH? 
RSSD IU 2012 11 10 15 05 56.441  2012 11 10 15 09 18.441 1 BH? 
RSSD IU 2012 11 07 22 47 28.595  2012 11 07 22 50 50.595 1 BH? 
RSSD IU 2012 11 03 13 07 47.605  2012 11 03 13 11 09.605 1 BH? 
RSSD IU 2012 10 24 00 51 06.268  2012 10 24 00 54 28.268 1 BH? 
RSSD IU 2012 10 14 09 50 52.999  2012 10 14 09 54 14.999 1 BH? 
RSSD IU 2012 10 08 02 00 04.456  2012 10 08 02 03 26.456 1 BH? 
RSSD IU 2012 09 30 16 38 22.268  2012 09 30 16 41 44.268 1 BH? 
RSSD IU 2012 09 26 23 46 53.154  2012 09 26 23 50 15.154 1 BH? 
RSSD IU 2012 09 09 05 48 23.670  2012 09 09 05 51 45.670 1 BH? 
RSSD IU 2012 09 06 23 40 10.476  2012 09 06 23 43 32.476 1 BH? 
RSSD IU 2012 08 30 13 50 35.426  2012 08 30 13 53 57.426 1 BH? 
RSSD IU 2012 08 25 14 26 10.265  2012 08 25 14 29 32.265 1 BH? 
RSSD IU 2012 08 10 18 43 49.307  2012 08 10 18 47 11.307 1 BH? 
RSSD IU 2012 08 02 09 46 34.586  2012 08 02 09 49 56.586 1 BH? 
RSSD IU 2012 07 29 12 26 50.978  2012 07 29 12 30 12.978 1 BH? 
RSSD IU 2012 07 29 09 29 51.637  2012 07 29 09 33 13.637 1 BH? 
RSSD IU 2012 07 20 06 41 44.169  2012 07 20 06 45 06.169 1 BH? 
RSSD IU 2012 07 20 06 19 12.148  2012 07 20 06 22 34.148 1 BH? 
RSSD IU 2012 07 12 13 01 17.666  2012 07 12 13 04 39.666 1 BH? 
RSSD IU 2012 07 11 02 40 37.096  2012 07 11 02 43 59.096 1 BH? 
RSSD IU 2012 07 08 11 42 21.686  2012 07 08 11 45 43.686 1 BH? 
RSSD IU 2012 07 02 23 40 26.603  2012 07 02 23 43 48.603 1 BH? 
RSSD IU 2012 06 27 06 35 36.584  2012 06 27 06 38 58.584 1 BH? 
RSSD IU 2012 06 24 03 22 53.217  2012 06 24 03 26 15.217 1 BH? 
RSSD IU 2012 06 19 21 04 17.251  2012 06 19 21 07 39.251 1 BH? 
RSSD IU 2012 06 19 16 04 08.649  2012 06 19 16 07 30.649 1 BH? 
RSSD IU 2012 06 07 16 12 16.242  2012 06 07 16 15 38.242 1 BH? 
RSSD IU 2012 06 04 03 21 43.150  2012 06 04 03 25 05.150 1 BH? 
RSSD IU 2012 06 04 00 51 35.032  2012 06 04 00 54 57.032 1 BH? 
RSSD IU 2012 05 29 07 09 58.792  2012 05 29 07 13 20.792 1 BH? 
RSSD IU 2012 05 29 02 48 36.740  2012 05 29 02 51 58.740 1 BH? 
RSSD IU 2012 05 24 22 55 25.715  2012 05 24 22 58 47.715 1 BH? 
RSSD IU 2012 05 20 02 13 48.030  2012 05 20 02 17 10.030 1 BH? 
RSSD IU 2012 05 14 10 09 54.770  2012 05 14 10 13 16.770 1 BH? 
RSSD IU 2012 05 10 02 23 46.256  2012 05 10 02 27 08.256 1 BH? 
RSSD IU 2012 05 01 22 48 09.896  2012 05 01 22 51 31.896 1 BH? 
RSSD IU 2012 04 23 22 49 16.054  2012 04 23 22 52 38.054 1 BH? 
RSSD IU 2012 03 26 18 17 56.286  2012 03 26 18 21 18.286 1 BH? 
RSSD IU 2012 03 14 09 18 34.525  2012 03 14 09 21 56.525 1 BH? 
RSSD IU 2012 02 13 11 00 53.951  2012 02 13 11 04 15.951 1 BH? 
RSSD IU 2012 01 30 05 19 47.168  2012 01 30 05 23 09.168 1 BH? 
RSSD IU 2012 01 21 18 51 40.510  2012 01 21 18 55 02.510 1 BH? 
RSSD IU 2011 12 09 19 51 50.808  2011 12 09 19 55 12.808 1 BH? 
RSSD IU 2011 11 22 18 56 46.201  2011 11 22 19 00 08.201 1 BH? 
RSSD IU 2011 11 18 06 08 12.036  2011 11 18 06 11 34.036 1 BH? 
RSSD IU 2011 11 17 13 35 38.918  2011 11 17 13 39 00.918 1 BH? 
RSSD IU 2011 11 17 02 04 16.736  2011 11 17 02 07 38.736 1 BH? 
RSSD IU 2011 11 07 22 40 28.387  2011 11 07 22 43 50.387 1 BH? 
RSSD IU 2011 11 06 08 13 51.170  2011 11 06 08 17 13.170 1 BH? 
RSSD IU 2011 11 05 07 23 50.744  2011 11 05 07 27 12.744 1 BH? 
RSSD IU 2011 10 31 07 23 19.092  2011 10 31 07 26 41.092 1 BH? 
RSSD IU 2011 10 28 19 03 24.177  2011 10 28 19 06 46.177 1 BH? 
RSSD IU 2011 10 25 03 31 13.849  2011 10 25 03 34 35.849 1 BH? 
RSSD IU 2011 10 21 08 12 11.040  2011 10 21 08 15 33.040 1 BH? 
RSSD IU 2011 10 14 06 20 06.966  2011 10 14 06 23 28.966 1 BH? 
RSSD IU 2011 09 23 19 10 27.756  2011 09 23 19 13 49.756 1 BH? 
RSSD IU 2011 09 20 02 47 25.886  2011 09 20 02 50 47.886 1 BH? 
RSSD IU 2011 09 19 08 20 40.814  2011 09 19 08 24 02.814 1 BH? 
RSSD IU 2011 09 14 18 17 40.385  2011 09 14 18 21 02.385 1 BH? 
RSSD IU 2011 09 05 11 27 45.668  2011 09 05 11 31 07.668 1 BH? 
RSSD IU 2011 09 02 11 02 18.352  2011 09 02 11 05 40.352 1 BH? 
RSSD IU 2011 08 24 17 54 08.839  2011 08 24 17 57 30.839 1 BH? 
RSSD IU 2011 08 15 03 00 27.915  2011 08 15 03 03 49.915 1 BH? 
RSSD IU 2011 08 13 07 37 40.366  2011 08 13 07 41 02.366 1 BH? 
RSSD IU 2011 08 04 14 00 25.913  2011 08 04 14 03 47.913 1 BH? 
RSSD IU 2011 08 01 18 26 30.072  2011 08 01 18 29 52.072 1 BH? 
RSSD IU 2011 07 27 23 09 06.914  2011 07 27 23 12 28.914 1 BH? 
RSSD IU 2011 07 23 06 34 03.891  2011 07 23 06 37 25.891 1 BH? 
RSSD IU 2011 07 18 22 45 49.975  2011 07 18 22 49 11.975 1 BH? 
RSSD IU 2011 07 16 20 04 42.252  2011 07 16 20 08 04.252 1 BH? 
RSSD IU 2011 07 03 06 39 41.982  2011 07 03 06 43 03.982 1 BH? 
RSSD IU 2011 06 28 06 54 57.736  2011 06 28 06 58 19.736 1 BH? 
RSSD IU 2011 06 27 23 33 58.395  2011 06 27 23 37 20.395 1 BH? 
RSSD IU 2011 06 20 16 45 38.847  2011 06 20 16 49 00.847 1 BH? 
RSSD IU 2011 06 08 03 15 30.181  2011 06 08 03 18 52.181 1 BH? 
RSSD IU 2011 05 13 22 53 25.500  2011 05 13 22 56 47.500 1 BH? 
RSSD IU 2011 05 05 17 03 01.951  2011 05 05 17 06 23.951 1 BH? 
RSSD IU 2011 05 05 14 18 26.534  2011 05 05 14 21 48.534 1 BH? 
RSSD IU 2011 04 30 08 25 25.357  2011 04 30 08 28 47.357 1 BH? 
RSSD IU 2011 04 28 13 12 45.250  2011 04 28 13 16 07.250 1 BH? 
RSSD IU 2011 04 14 20 55 35.196  2011 04 14 20 58 57.196 1 BH? 
RSSD IU 2011 04 07 20 46 31.019  2011 04 07 20 49 53.019 1 BH? 
RSSD IU 2011 04 02 11 09 06.543  2011 04 02 11 12 28.543 1 BH? 
RSSD IU 2011 03 27 06 25 31.468  2011 03 27 06 28 53.468 1 BH? 
RSSD IU 2011 03 06 12 41 15.833  2011 03 06 12 44 37.833 1 BH? 
RSSD IU 2011 03 02 18 57 00.214  2011 03 02 19 00 22.214 1 BH? 
RSSD IU 2011 03 01 01 03 41.921  2011 03 01 01 07 03.921 1 BH? 
RSSD IU 2011 02 20 21 51 22.941  2011 02 20 21 54 44.941 1 BH? 
RSSD IU 2011 02 02 00 43 42.625  2011 02 02 00 47 04.625 1 BH? 
RSSD IU 2011 01 29 07 02 48.195  2011 01 29 07 06 10.195 1 BH? 
RSSD IU 2010 12 23 14 08 10.563  2010 12 23 14 11 32.563 1 BH? 
RSSD IU 2010 12 20 17 26 19.044  2010 12 20 17 29 41.044 1 BH? 
RSSD IU 2010 12 20 15 20 11.670  2010 12 20 15 23 33.670 1 BH? 
RSSD IU 2010 12 07 18 25 22.248  2010 12 07 18 28 44.248 1 BH? 
RSSD IU 2010 11 30 18 03 37.828  2010 11 30 18 06 59.828 1 BH? 
RSSD IU 2010 11 27 02 53 31.615  2010 11 27 02 56 53.615 1 BH? 
RSSD IU 2010 11 10 23 54 49.918  2010 11 10 23 58 11.918 1 BH? 
RSSD IU 2010 10 22 19 41 10.218  2010 10 22 19 44 32.218 1 BH? 
RSSD IU 2010 10 09 01 59 31.747  2010 10 09 02 02 53.747 1 BH? 
RSSD IU 2010 10 08 04 25 59.899  2010 10 08 04 29 21.899 1 BH? 
RSSD IU 2010 10 08 03 55 53.843  2010 10 08 03 59 15.843 1 BH? 
RSSD IU 2010 10 08 03 32 58.768  2010 10 08 03 36 20.768 1 BH? 
RSSD IU 2010 09 26 18 34 40.439  2010 09 26 18 38 02.439 1 BH? 
RSSD IU 2010 09 22 08 08 54.307  2010 09 22 08 12 16.307 1 BH? 
RSSD IU 2010 09 13 07 24 36.338  2010 09 13 07 27 58.338 1 BH? 
RSSD IU 2010 09 03 11 22 52.464  2010 09 03 11 26 14.464 1 BH? 
RSSD IU 2010 08 12 12 01 16.554  2010 08 12 12 04 38.554 1 BH? 
RSSD IU 2010 08 04 23 57 10.956  2010 08 05 00 00 32.956 1 BH? 
RSSD IU 2010 08 04 13 05 23.030  2010 08 04 13 08 45.030 1 BH? 
RSSD IU 2010 07 30 04 04 34.678  2010 07 30 04 07 56.678 1 BH? 
RSSD IU 2010 07 19 08 26 46.054  2010 07 19 08 30 08.054 1 BH? 
RSSD IU 2010 07 18 19 54 21.514  2010 07 18 19 57 43.514 1 BH? 
RSSD IU 2010 07 18 06 03 01.486  2010 07 18 06 06 23.486 1 BH? 
RSSD IU 2010 07 12 00 21 02.744  2010 07 12 00 24 24.744 1 BH? 
RSSD IU 2010 06 18 02 32 35.777  2010 06 18 02 35 57.777 1 BH? 
RSSD IU 2010 06 01 03 31 58.428  2010 06 01 03 35 20.428 1 BH? 
RSSD IU 2010 05 25 10 16 31.026  2010 05 25 10 19 53.026 1 BH? 
RSSD IU 2010 05 24 16 25 58.253  2010 05 24 16 29 20.253 1 BH? 
RSSD IU 2010 05 23 22 55 33.634  2010 05 23 22 58 55.634 1 BH? 
RSSD IU 2010 05 20 22 22 13.461  2010 05 20 22 25 35.461 1 BH? 
RSSD IU 2010 05 19 04 23 17.458  2010 05 19 04 26 39.458 1 BH? 
RSSD IU 2010 05 16 05 21 54.109  2010 05 16 05 25 16.109 1 BH? 
RSSD IU 2010 05 06 02 52 09.970  2010 05 06 02 55 31.970 1 BH? 
RSSD IU 2010 04 30 23 23 03.503  2010 04 30 23 26 25.503 1 BH? 
RSSD IU 2010 04 30 23 18 19.330  2010 04 30 23 21 41.330 1 BH? 
RSSD IU 2010 04 16 01 50 45.124  2010 04 16 01 54 07.124 1 BH? 
RSSD IU 2010 04 15 21 00 43.260  2010 04 15 21 04 05.260 1 BH? 
RSSD IU 2010 04 11 22 16 51.167  2010 04 11 22 20 13.167 1 BH? 
RSSD IU 2010 04 05 22 46 26.976  2010 04 05 22 49 48.976 1 BH? 
RSSD IU 2010 03 20 18 13 11.682  2010 03 20 18 16 33.682 1 BH? 
RSSD IU 2010 03 16 09 53 34.553  2010 03 16 09 56 56.553 1 BH? 
RSSD IU 2010 03 09 14 13 27.328  2010 03 09 14 16 49.328 1 BH? 
RSSD IU 2010 03 07 07 13 58.080  2010 03 07 07 17 20.080 1 BH? 
RSSD IU 2010 03 06 13 40 45.220  2010 03 06 13 44 07.220 1 BH? 
RSSD IU 2010 03 04 22 49 08.100  2010 03 04 22 52 30.100 1 BH? 
RSSD IU 2010 02 27 20 03 05.087  2010 02 27 20 06 27.087 1 BH? 
RSSD IU 2010 02 25 03 20 23.972  2010 02 25 03 23 45.972 1 BH? 
RSSD IU 2010 02 06 04 54 05.592  2010 02 06 04 57 27.592 1 BH? 
RSSD IU 2010 01 25 23 00 49.733  2010 01 25 23 04 11.733 1 BH? 
RSSD IU 2010 01 20 11 09 09.089  2010 01 20 11 12 31.089 1 BH? 
RSSD IU 2010 01 19 14 28 21.625  2010 01 19 14 31 43.625 1 BH? 
RSSD IU 2010 01 18 15 45 12.044  2010 01 18 15 48 34.044 1 BH? 
RSSD IU 2010 01 13 05 08 22.518  2010 01 13 05 11 44.518 1 BH? 
RSSD IU 2010 01 12 22 17 31.140  2010 01 12 22 20 53.140 1 BH? 
RSSD IU 2010 01 12 22 06 07.451  2010 01 12 22 09 29.451 1 BH? 
RSSD IU 2010 01 12 21 58 36.487  2010 01 12 22 01 58.487 1 BH? 
RSSD IU 2010 01 03 20 47 13.315  2010 01 03 20 50 35.315 1 BH? 
RSSD IU 2009 12 17 20 08 25.282  2009 12 17 20 11 47.282 1 BH? 
RSSD IU 2009 12 10 02 38 33.434  2009 12 10 02 41 55.434 1 BH? 
RSSD IU 2009 11 26 19 12 59.090  2009 11 26 19 16 21.090 1 BH? 
RSSD IU 2009 11 13 07 35 55.090  2009 11 13 07 39 17.090 1 BH? 
RSSD IU 2009 11 13 03 15 29.071  2009 11 13 03 18 51.071 1 BH? 
RSSD IU 2009 11 04 18 49 17.008  2009 11 04 18 52 39.008 1 BH? 
RSSD IU 2009 10 22 00 57 46.642  2009 10 22 01 01 08.642 1 BH? 
RSSD IU 2009 10 15 17 54 22.184  2009 10 15 17 57 44.184 1 BH? 
RSSD IU 2009 10 13 20 27 57.686  2009 10 13 20 31 19.686 1 BH? 
RSSD IU 2009 10 13 05 43 25.531  2009 10 13 05 46 47.531 1 BH? 
RSSD IU 2009 10 10 21 33 32.733  2009 10 10 21 36 54.733 1 BH? 
RSSD IU 2009 10 07 20 59 42.711  2009 10 07 21 03 04.711 1 BH? 
RSSD IU 2009 10 07 05 45 37.193  2009 10 07 05 48 59.193 1 BH? 
RSSD IU 2009 10 06 02 06 42.427  2009 10 06 02 10 04.427 1 BH? 
RSSD IU 2009 09 30 19 12 05.358  2009 09 30 19 15 27.358 1 BH? 
RSSD IU 2009 09 17 23 31 31.895  2009 09 17 23 34 53.895 1 BH? 
RSSD IU 2009 09 12 20 13 04.248  2009 09 12 20 16 26.248 1 BH? 
RSSD IU 2009 09 10 02 55 45.319  2009 09 10 02 59 07.319 1 BH? 
RSSD IU 2009 09 05 04 07 27.411  2009 09 05 04 10 49.411 1 BH? 
RSSD IU 2009 08 20 06 42 38.778  2009 08 20 06 46 00.778 1 BH? 
RSSD IU 2009 08 13 09 43 24.951  2009 08 13 09 46 46.951 1 BH? 
RSSD IU 2009 07 14 18 47 44.087  2009 07 14 18 51 06.087 1 BH? 
RSSD IU 2009 07 12 06 21 35.100  2009 07 12 06 24 57.100 1 BH? 
RSSD IU 2009 07 07 19 16 47.786  2009 07 07 19 20 09.786 1 BH? 
RSSD IU 2009 07 06 15 00 33.669  2009 07 06 15 03 55.669 1 BH? 
RSSD IU 2009 07 04 06 55 30.595  2009 07 04 06 58 52.595 1 BH? 
RSSD IU 2009 06 22 20 02 20.543  2009 06 22 20 05 42.543 1 BH? 
RSSD IU 2009 06 06 20 40 48.344  2009 06 06 20 44 10.344 1 BH? 
RSSD IU 2009 06 05 03 40 30.038  2009 06 05 03 43 52.038 1 BH? 
RSSD IU 2009 05 18 14 10 04.883  2009 05 18 14 13 26.883 1 BH? 
RSSD IU 2009 05 16 18 27 20.865  2009 05 16 18 30 42.865 1 BH? 
RSSD IU 2009 05 10 01 22 48.460  2009 05 10 01 26 10.460 1 BH? 
RSSD IU 2009 05 03 16 26 16.025  2009 05 03 16 29 38.025 1 BH? 
RSSD IU 2009 04 21 05 34 40.550  2009 04 21 05 38 02.550 1 BH? 
RSSD IU 2009 04 18 19 27 13.435  2009 04 18 19 30 35.435 1 BH? 
RSSD IU 2009 04 17 02 17 41.431  2009 04 17 02 21 03.431 1 BH? 
RSSD IU 2009 04 07 04 32 46.758  2009 04 07 04 36 08.758 1 BH? 
RSSD IU 2009 03 30 12 18 50.600  2009 03 30 12 22 12.600 1 BH? 
RSSD IU 2009 03 30 12 14 24.043  2009 03 30 12 17 46.043 1 BH? 
RSSD IU 2009 03 30 07 17 56.222  2009 03 30 07 21 18.222 1 BH? 
RSSD IU 2009 03 26 17 42 56.932  2009 03 26 17 46 18.932 1 BH? 
RSSD IU 2009 03 15 08 27 51.749  2009 03 15 08 31 13.749 1 BH? 
RSSD IU 2009 03 15 03 20 45.640  2009 03 15 03 24 07.640 1 BH? 
RSSD IU 2009 03 12 23 29 51.800  2009 03 12 23 33 13.800 1 BH? 
RSSD IU 2009 03 11 21 09 51.657  2009 03 11 21 13 13.657 1 BH? 
RSSD IU 2009 03 11 17 30 29.371  2009 03 11 17 33 51.371 1 BH? 
RSSD IU 2009 03 06 10 57 32.267  2009 03 06 11 00 54.267 1 BH? 
RSSD IU 2009 02 15 10 12 31.186  2009 02 15 10 15 53.186 1 BH? 
RSSD IU 2009 02 09 14 16 50.666  2009 02 09 14 20 12.666 1 BH? 
RSSD IU 2009 02 02 18 02 05.426  2009 02 02 18 05 27.426 1 BH? 
RSSD IU 2009 01 26 19 18 11.195  2009 01 26 19 21 33.195 1 BH? 
RSSD IU 2009 01 24 18 14 34.511  2009 01 24 18 17 56.511 1 BH? 
RSSD IU 2009 01 08 19 27 11.613  2009 01 08 19 30 33.613 1 BH? 
RSSD IU 2008 12 19 08 39 17.571  2008 12 19 08 42 39.571 1 BH? 
RSSD IU 2008 11 19 06 17 13.719  2008 11 19 06 20 35.719 1 BH? 
RSSD IU 2008 11 17 13 00 41.493  2008 11 17 13 04 03.493 1 BH? 
RSSD IU 2008 11 15 23 08 11.616  2008 11 15 23 11 33.616 1 BH? 
RSSD IU 2008 11 02 13 55 21.131  2008 11 02 13 58 43.131 1 BH? 
RSSD IU 2008 10 30 15 23 19.775  2008 10 30 15 26 41.775 1 BH? 
RSSD IU 2008 10 29 01 43 36.466  2008 10 29 01 46 58.466 1 BH? 
RSSD IU 2008 10 16 19 48 15.956  2008 10 16 19 51 37.956 1 BH? 
RSSD IU 2008 10 16 19 46 03.422  2008 10 16 19 49 25.422 1 BH? 
RSSD IU 2008 10 12 21 04 55.606  2008 10 12 21 08 17.606 1 BH? 
RSSD IU 2008 10 11 10 46 14.800  2008 10 11 10 49 36.800 1 BH? 
RSSD IU 2008 10 07 10 06 07.927  2008 10 07 10 09 29.927 1 BH? 
RSSD IU 2008 10 03 05 35 43.536  2008 10 03 05 39 05.536 1 BH? 
RSSD IU 2008 09 18 12 07 14.611  2008 09 18 12 10 36.611 1 BH? 
RSSD IU 2008 09 18 01 48 06.779  2008 09 18 01 51 28.779 1 BH? 
RSSD IU 2008 09 13 09 38 35.516  2008 09 13 09 41 57.516 1 BH? 
RSSD IU 2008 09 12 23 15 44.929  2008 09 12 23 19 06.929 1 BH? 
RSSD IU 2008 09 11 00 30 47.405  2008 09 11 00 34 09.405 1 BH? 
RSSD IU 2008 09 10 16 21 42.564  2008 09 10 16 25 04.564 1 BH? 
RSSD IU 2008 09 10 13 17 25.596  2008 09 10 13 20 47.596 1 BH? 
RSSD IU 2008 08 26 21 08 34.294  2008 08 26 21 11 56.294 1 BH? 
RSSD IU 2008 08 19 11 07 50.155  2008 08 19 11 11 12.155 1 BH? 
RSSD IU 2008 08 13 18 38 18.869  2008 08 13 18 41 40.869 1 BH? 
RSSD IU 2008 08 13 01 40 57.275  2008 08 13 01 44 19.275 1 BH? 
RSSD IU 2008 08 07 18 36 48.845  2008 08 07 18 40 10.845 1 BH? 
RSSD IU 2008 08 04 04 50 52.099  2008 08 04 04 54 14.099 1 BH? 
RSSD IU 2008 07 25 00 36 34.099  2008 07 25 00 39 56.099 1 BH? 
RSSD IU 2008 07 24 01 51 50.869  2008 07 24 01 55 12.869 1 BH? 
RSSD IU 2008 07 08 09 22 05.844  2008 07 08 09 25 27.844 1 BH? 
RSSD IU 2008 07 06 09 17 41.778  2008 07 06 09 21 03.778 1 BH? 
RSSD IU 2008 07 06 01 09 28.635  2008 07 06 01 12 50.635 1 BH? 
RSSD IU 2008 07 03 06 42 07.172  2008 07 03 06 45 29.172 1 BH? 
RSSD IU 2008 06 23 00 04 40.883  2008 06 23 00 08 02.883 1 BH? 
RSSD IU 2008 06 17 17 48 31.922  2008 06 17 17 51 53.922 1 BH? 
RSSD IU 2008 05 31 23 25 55.635  2008 05 31 23 29 17.635 1 BH? 
RSSD IU 2008 05 29 15 53 02.054  2008 05 29 15 56 24.054 1 BH? 
RSSD IU 2008 05 27 11 32 42.896  2008 05 27 11 36 04.896 1 BH? 
RSSD IU 2008 05 25 19 23 20.274  2008 05 25 19 26 42.274 1 BH? 
RSSD IU 2008 05 24 19 27 40.527  2008 05 24 19 31 02.527 1 BH? 
RSSD IU 2008 05 23 19 45 06.049  2008 05 23 19 48 28.049 1 BH? 
RSSD IU 2008 05 20 14 00 46.935  2008 05 20 14 04 08.935 1 BH? 
RSSD IU 2008 05 02 01 40 31.712  2008 05 02 01 43 53.713 1 BH? 
RSSD IU 2008 04 16 06 01 21.596  2008 04 16 06 04 43.596 1 BH? 
RSSD IU 2008 04 15 23 06 55.115  2008 04 15 23 10 17.115 1 BH? 
RSSD IU 2008 04 15 03 07 52.902  2008 04 15 03 11 14.902 1 BH? 
RSSD IU 2008 04 12 00 56 00.604  2008 04 12 00 59 22.604 1 BH? 
RSSD IU 2008 03 24 20 48 36.111  2008 03 24 20 51 58.111 1 BH? 
RSSD IU 2008 03 22 21 30 57.443  2008 03 22 21 34 19.443 1 BH? 
RSSD IU 2008 03 03 09 40 13.422  2008 03 03 09 43 35.422 1 BH? 
RSSD IU 2008 03 02 05 18 45.874  2008 03 02 05 22 07.874 1 BH? 
RSSD IU 2008 02 21 02 53 59.025  2008 02 21 02 57 21.025 1 BH? 
RSSD IU 2008 02 16 14 54 47.348  2008 02 16 14 58 09.348 1 BH? 
RSSD IU 2008 02 08 09 46 58.347  2008 02 08 09 50 20.347 1 BH? 
RSSD IU 2008 02 04 17 11 06.356  2008 02 04 17 14 28.356 1 BH? 
RSSD IU 2008 01 24 04 18 22.754  2008 01 24 04 21 44.754 1 BH? 
RSSD IU 2008 01 05 07 39 19.711  2008 01 05 07 42 41.711 1 BH? 
RSSD IU 2007 12 29 23 04 14.310  2007 12 29 23 07 36.310 1 BH? 
RSSD IU 2007 12 26 22 11 03.381  2007 12 26 22 14 25.382 1 BH? 
RSSD IU 2007 12 25 16 30 18.017  2007 12 25 16 33 40.017 1 BH? 
RSSD IU 2007 12 21 07 31 35.119  2007 12 21 07 34 57.119 1 BH? 
RSSD IU 2007 12 21 07 30 36.385  2007 12 21 07 33 58.385 1 BH? 
RSSD IU 2007 12 19 09 37 30.307  2007 12 19 09 40 52.307 1 BH? 
RSSD IU 2007 12 16 08 19 07.640  2007 12 16 08 22 29.640 1 BH? 
RSSD IU 2007 12 13 07 33 34.001  2007 12 13 07 36 56.001 1 BH? 
RSSD IU 2007 12 13 05 30 16.245  2007 12 13 05 33 38.245 1 BH? 
RSSD IU 2007 12 06 17 19 34.564  2007 12 06 17 22 56.564 1 BH? 
RSSD IU 2007 11 26 17 46 01.765  2007 11 26 17 49 23.765 1 BH? 
RSSD IU 2007 11 20 18 05 44.214  2007 11 20 18 09 06.214 1 BH? 
RSSD IU 2007 11 19 23 40 21.724  2007 11 19 23 43 43.724 1 BH? 
RSSD IU 2007 11 18 12 25 31.510  2007 11 18 12 28 53.510 1 BH? 
RSSD IU 2007 11 17 18 04 25.999  2007 11 17 18 07 47.999 1 BH? 
RSSD IU 2007 11 16 03 20 16.270  2007 11 16 03 23 38.270 1 BH? 
RSSD IU 2007 11 15 15 15 50.245  2007 11 15 15 19 12.245 1 BH? 
RSSD IU 2007 11 15 15 12 59.585  2007 11 15 15 16 21.585 1 BH? 
RSSD IU 2007 11 14 17 53 55.857  2007 11 14 17 57 17.857 1 BH? 
RSSD IU 2007 10 31 13 51 17.882  2007 10 31 13 54 39.882 1 BH? 
RSSD IU 2007 10 25 13 59 11.522  2007 10 25 14 02 33.522 1 BH? 
RSSD IU 2007 10 18 16 20 25.732  2007 10 18 16 23 47.732 1 BH? 
RSSD IU 2007 10 08 17 20 14.488  2007 10 08 17 23 36.488 1 BH? 
RSSD IU 2007 10 02 18 05 40.171  2007 10 02 18 09 02.171 1 BH? 
RSSD IU 2007 09 26 04 50 43.004  2007 09 26 04 54 05.004 1 BH? 
RSSD IU 2007 09 10 01 56 02.907  2007 09 10 01 59 24.907 1 BH? 
RSSD IU 2007 09 03 16 24 06.447  2007 09 03 16 27 28.447 1 BH? 
RSSD IU 2007 08 20 22 51 37.777  2007 08 20 22 54 59.777 1 BH? 
RSSD IU 2007 08 19 01 31 23.747  2007 08 19 01 34 45.747 1 BH? 
RSSD IU 2007 08 18 03 01 19.908  2007 08 18 03 04 41.908 1 BH? 
RSSD IU 2007 08 17 13 26 53.460  2007 08 17 13 30 15.460 1 BH? 
RSSD IU 2007 08 16 11 44 28.700  2007 08 16 11 47 50.700 1 BH? 
RSSD IU 2007 08 16 05 25 45.134  2007 08 16 05 29 07.134 1 BH? 
RSSD IU 2007 08 16 04 10 03.344  2007 08 16 04 13 25.344 1 BH? 
RSSD IU 2007 08 16 01 11 03.737  2007 08 16 01 14 25.737 1 BH? 
RSSD IU 2007 08 16 00 28 01.224  2007 08 16 00 31 23.224 1 BH? 
RSSD IU 2007 08 15 20 29 11.555  2007 08 15 20 32 33.555 1 BH? 
RSSD IU 2007 08 04 14 31 56.853  2007 08 04 14 35 18.853 1 BH? 
RSSD IU 2007 08 02 05 32 02.181  2007 08 02 05 35 24.181 1 BH? 
RSSD IU 2007 08 02 03 28 49.428  2007 08 02 03 32 11.428 1 BH? 
RSSD IU 2007 08 02 02 47 26.016  2007 08 02 02 50 48.016 1 BH? 
RSSD IU 2007 07 29 05 02 17.277  2007 07 29 05 05 39.277 1 BH? 
RSSD IU 2007 07 23 06 10 50.981  2007 07 23 06 14 12.981 1 BH? 
RSSD IU 2007 07 21 13 34 30.613  2007 07 21 13 37 52.613 1 BH? 
RSSD IU 2007 07 15 13 32 25.598  2007 07 15 13 35 47.598 1 BH? 
RSSD IU 2007 07 15 13 14 11.045  2007 07 15 13 17 33.045 1 BH? 
RSSD IU 2007 07 13 22 01 29.692  2007 07 13 22 04 51.692 1 BH? 
RSSD IU 2007 07 12 05 31 49.204  2007 07 12 05 35 11.204 1 BH? 
RSSD IU 2007 07 01 04 21 42.163  2007 07 01 04 25 04.163 1 BH? 
RSSD IU 2007 06 28 08 53 48.426  2007 06 28 08 57 10.426 1 BH? 
RSSD IU 2007 06 13 19 34 29.460  2007 06 13 19 37 51.460 1 BH? 
RSSD IU 2007 06 08 13 36 44.781  2007 06 08 13 40 06.781 1 BH? 
RSSD IU 2007 05 30 20 30 33.830  2007 05 30 20 33 55.830 1 BH? 
RSSD IU 2007 05 23 04 48 35.117  2007 05 23 04 51 57.117 1 BH? 
RSSD IU 2007 04 29 12 48 51.163  2007 04 29 12 52 13.163 1 BH? 
RSSD IU 2007 04 09 10 26 58.408  2007 04 09 10 30 20.408 1 BH? 
RSSD IU 2007 04 07 07 17 39.410  2007 04 07 07 21 01.410 1 BH? 
RSSD IU 2007 04 05 04 05 03.212  2007 04 05 04 08 25.212 1 BH? 
RSSD IU 2007 03 18 02 17 44.172  2007 03 18 02 21 06.172 1 BH? 
RSSD IU 2007 03 17 22 49 48.170  2007 03 17 22 53 10.170 1 BH? 
RSSD IU 2007 03 11 07 18 58.873  2007 03 11 07 22 20.873 1 BH? 
RSSD IU 2007 03 10 21 21 00.271  2007 03 10 21 24 22.271 1 BH? 
RSSD IU 2007 03 10 17 11 17.559  2007 03 10 17 14 39.559 1 BH? 
RSSD IU 2007 03 01 23 19 07.904  2007 03 01 23 22 29.904 1 BH? 
RSSD IU 2007 02 24 02 44 14.969  2007 02 24 02 47 36.969 1 BH? 
RSSD IU 2007 02 18 21 43 54.081  2007 02 18 21 47 16.081 1 BH? 
RSSD IU 2007 02 14 01 39 02.601  2007 02 14 01 42 24.602 1 BH? 
RSSD IU 2007 02 12 10 44 41.874  2007 02 12 10 48 03.874 1 BH? 
RSSD IU 2007 02 04 21 01 50.578  2007 02 04 21 05 12.578 1 BH? 
RSSD IU 2007 01 13 17 46 04.427  2007 01 13 17 49 26.427 1 BH? 
RSSD IU 2007 01 13 09 27 43.944  2007 01 13 09 31 05.944 1 BH? 
RSSD IU 2007 01 13 04 38 45.441  2007 01 13 04 42 07.441 1 BH? 
RSSD IU 2007 01 05 16 57 27.838  2007 01 05 17 00 49.838 1 BH? 
RSSD IU 2006 12 26 15 28 42.250  2006 12 26 15 32 04.250 1 BH? 
RSSD IU 2006 12 09 14 57 38.566  2006 12 09 15 01 00.566 1 BH? 
RSSD IU 2006 12 07 19 19 28.306  2006 12 07 19 22 50.306 1 BH? 
RSSD IU 2006 12 03 20 56 55.965  2006 12 03 21 00 17.965 1 BH? 
RSSD IU 2006 11 27 17 40 47.742  2006 11 27 17 44 09.742 1 BH? 
RSSD IU 2006 11 19 19 04 37.454  2006 11 19 19 07 59.454 1 BH? 
RSSD IU 2006 11 16 06 29 27.198  2006 11 16 06 32 49.198 1 BH? 
RSSD IU 2006 11 15 21 34 28.770  2006 11 15 21 37 50.770 1 BH? 
RSSD IU 2006 11 15 21 31 24.764  2006 11 15 21 34 46.764 1 BH? 
RSSD IU 2006 11 15 19 34 28.106  2006 11 15 19 37 50.106 1 BH? 
RSSD IU 2006 11 15 12 35 19.925  2006 11 15 12 38 41.925 1 BH? 
RSSD IU 2006 11 15 12 25 50.557  2006 11 15 12 29 12.557 1 BH? 
RSSD IU 2006 11 15 12 25 08.913  2006 11 15 12 28 30.913 1 BH? 
RSSD IU 2006 11 15 11 50 00.407  2006 11 15 11 53 22.407 1 BH? 
RSSD IU 2006 11 15 11 44 00.567  2006 11 15 11 47 22.567 1 BH? 
RSSD IU 2006 11 15 11 38 29.422  2006 11 15 11 41 51.422 1 BH? 
RSSD IU 2006 11 15 11 37 47.268  2006 11 15 11 41 09.268 1 BH? 
RSSD IU 2006 11 15 11 34 16.508  2006 11 15 11 37 38.508 1 BH? 
RSSD IU 2006 11 14 22 32 00.506  2006 11 14 22 35 22.506 1 BH? 
RSSD IU 2006 11 12 21 36 37.656  2006 11 12 21 39 59.656 1 BH? 
RSSD IU 2006 10 26 23 03 13.819  2006 10 26 23 06 35.819 1 BH? 
RSSD IU 2006 10 23 21 10 13.255  2006 10 23 21 13 35.255 1 BH? 
RSSD IU 2006 10 20 10 57 38.646  2006 10 20 11 01 00.646 1 BH? 
RSSD IU 2006 10 18 21 22 10.731  2006 10 18 21 25 32.731 1 BH? 
RSSD IU 2006 10 17 04 12 10.511  2006 10 17 04 15 32.511 1 BH? 
RSSD IU 2006 10 15 17 21 18.934  2006 10 15 17 24 40.934 1 BH? 
RSSD IU 2006 10 15 17 14 54.660  2006 10 15 17 18 16.661 1 BH? 
RSSD IU 2006 10 13 13 56 51.111  2006 10 13 14 00 13.111 1 BH? 
RSSD IU 2006 10 11 06 06 06.437  2006 10 11 06 09 28.437 1 BH? 
RSSD IU 2006 10 01 09 15 10.907  2006 10 01 09 18 32.907 1 BH? 
RSSD IU 2006 09 30 18 05 27.579  2006 09 30 18 08 49.579 1 BH? 
RSSD IU 2006 09 30 17 59 33.671  2006 09 30 18 02 55.671 1 BH? 
RSSD IU 2006 09 30 16 35 50.475  2006 09 30 16 39 12.475 1 BH? 
RSSD IU 2006 09 29 13 15 28.487  2006 09 29 13 18 50.487 1 BH? 
RSSD IU 2006 09 28 01 45 57.740  2006 09 28 01 49 19.740 1 BH? 
RSSD IU 2006 09 18 03 52 35.478  2006 09 18 03 55 57.478 1 BH? 
RSSD IU 2006 09 01 12 10 13.353  2006 09 01 12 13 35.353 1 BH? 
RSSD IU 2006 09 01 10 33 32.010  2006 09 01 10 36 54.010 1 BH? 
RSSD IU 2006 08 26 23 53 20.206  2006 08 26 23 56 42.206 1 BH? 
RSSD IU 2006 08 26 23 47 41.929  2006 08 26 23 51 03.929 1 BH? 
RSSD IU 2006 08 24 21 59 08.861  2006 08 24 22 02 30.861 1 BH? 
RSSD IU 2006 08 20 03 09 45.573  2006 08 20 03 13 07.573 1 BH? 
RSSD IU 2006 08 17 15 30 19.193  2006 08 17 15 33 41.193 1 BH? 
RSSD IU 2006 08 17 11 19 34.661  2006 08 17 11 22 56.661 1 BH? 
RSSD IU 2006 08 15 12 33 27.122  2006 08 15 12 36 49.122 1 BH? 
RSSD IU 2006 07 08 20 47 04.034  2006 07 08 20 50 26.034 1 BH? 
RSSD IU 2006 07 02 04 01 15.523  2006 07 02 04 04 37.523 1 BH? 
RSSD IU 2006 06 27 13 07 40.266  2006 06 27 13 11 02.266 1 BH? 
RSSD IU 2006 06 27 02 46 53.100  2006 06 27 02 50 15.101 1 BH? 
RSSD IU 2006 06 22 11 02 28.474  2006 06 22 11 05 50.474 1 BH? 
RSSD IU 2006 06 18 18 35 17.430  2006 06 18 18 38 39.430 1 BH? 
RSSD IU 2006 06 14 04 53 57.893  2006 06 14 04 57 19.893 1 BH? 
RSSD IU 2006 06 14 04 26 00.672  2006 06 14 04 29 22.672 1 BH? 
RSSD IU 2006 05 22 13 16 02.777  2006 05 22 13 19 24.777 1 BH? 
RSSD IU 2006 05 22 11 19 32.481  2006 05 22 11 22 54.481 1 BH? 
RSSD IU 2006 05 21 02 14 16.819  2006 05 21 02 17 38.819 1 BH? 
RSSD IU 2006 05 18 23 12 43.158  2006 05 18 23 16 05.158 1 BH? 
RSSD IU 2006 05 10 02 49 05.296  2006 05 10 02 52 27.296 1 BH? 
RSSD IU 2006 05 09 11 09 54.990  2006 05 09 11 13 16.990 1 BH? 
RSSD IU 2006 05 01 20 19 40.421  2006 05 01 20 23 02.421 1 BH? 
RSSD IU 2006 05 01 07 53 56.997  2006 05 01 07 57 18.997 1 BH? 
RSSD IU 2006 04 29 17 05 34.455  2006 04 29 17 08 56.455 1 BH? 
RSSD IU 2006 04 21 11 21 40.574  2006 04 21 11 25 02.574 1 BH? 
RSSD IU 2006 04 21 04 40 17.711  2006 04 21 04 43 39.711 1 BH? 
RSSD IU 2006 04 20 23 35 32.446  2006 04 20 23 38 54.446 1 BH? 
RSSD IU 2006 04 12 01 14 49.805  2006 04 12 01 18 11.805 1 BH? 
RSSD IU 2006 04 10 06 35 34.727  2006 04 10 06 38 56.727 1 BH? 
RSSD IU 2006 04 09 21 00 23.001  2006 04 09 21 03 45.001 1 BH? 
RSSD IU 2006 02 06 05 59 24.690  2006 02 06 06 02 46.690 1 BH? 
RSSD IU 2006 02 04 09 23 36.364  2006 02 04 09 26 58.364 1 BH? 
RSSD IU 2006 01 23 20 57 09.162  2006 01 23 21 00 31.162 1 BH? 
RSSD IU 2006 01 20 09 01 06.740  2006 01 20 09 04 28.740 1 BH? 
RSSD IU 2006 01 06 03 46 09.500  2006 01 06 03 49 31.500 1 BH? 
RSSD IU 2005 12 30 18 32 45.800  2005 12 30 18 36 07.800 1 BH? 
RSSD IU 2005 12 23 21 54 29.725  2005 12 23 21 57 51.725 1 BH? 
RSSD IU 2005 12 21 14 38 46.586  2005 12 21 14 42 08.586 1 BH? 
RSSD IU 2005 12 16 10 29 58.957  2005 12 16 10 33 20.957 1 BH? 
RSSD IU 2005 12 11 16 03 53.827  2005 12 11 16 07 15.827 1 BH? 
RSSD IU 2005 11 22 15 15 07.637  2005 11 22 15 18 29.637 1 BH? 
RSSD IU 2005 11 20 12 58 46.679  2005 11 20 13 02 08.679 1 BH? 
RSSD IU 2005 11 17 19 36 33.009  2005 11 17 19 39 55.009 1 BH? 
RSSD IU 2005 11 10 19 39 34.813  2005 11 10 19 42 56.813 1 BH? 
RSSD IU 2005 11 09 11 40 08.921  2005 11 09 11 43 30.921 1 BH? 
RSSD IU 2005 10 20 15 32 42.090  2005 10 20 15 36 04.090 1 BH? 
RSSD IU 2005 10 17 19 32 14.556  2005 10 17 19 35 36.556 1 BH? 
RSSD IU 2005 10 15 10 15 16.407  2005 10 15 10 18 38.407 1 BH? 
RSSD IU 2005 10 07 17 47 51.497  2005 10 07 17 51 13.497 1 BH? 
RSSD IU 2005 09 23 13 53 05.611  2005 09 23 13 56 27.611 1 BH? 
RSSD IU 2005 09 21 02 34 38.781  2005 09 21 02 38 00.781 1 BH? 
RSSD IU 2005 08 27 18 44 27.993  2005 08 27 18 47 49.993 1 BH? 
RSSD IU 2005 08 21 09 56 47.244  2005 08 21 10 00 09.244 1 BH? 
RSSD IU 2005 08 14 02 49 05.944  2005 08 14 02 52 27.944 1 BH? 
RSSD IU 2005 08 05 01 03 50.360  2005 08 05 01 07 12.360 1 BH? 
RSSD IU 2005 08 04 10 36 49.816  2005 08 04 10 40 11.816 1 BH? 
RSSD IU 2005 08 03 11 08 37.533  2005 08 03 11 11 59.533 1 BH? 
RSSD IU 2005 07 26 14 20 27.409  2005 07 26 14 23 49.409 1 BH? 
RSSD IU 2005 07 26 12 25 30.142  2005 07 26 12 28 52.142 1 BH? 
RSSD IU 2005 07 13 12 15 29.250  2005 07 13 12 18 51.250 1 BH? 
RSSD IU 2005 07 11 12 10 53.467  2005 07 11 12 14 15.467 1 BH? 
RSSD IU 2005 07 02 04 16 19.735  2005 07 02 04 19 41.735 1 BH? 
RSSD IU 2005 07 02 02 22 02.357  2005 07 02 02 25 24.357 1 BH? 
RSSD IU 2005 06 30 21 32 25.786  2005 06 30 21 35 47.786 1 BH? 
RSSD IU 2005 06 19 02 10 25.698  2005 06 19 02 13 47.698 1 BH? 
RSSD IU 2005 06 14 17 17 20.346  2005 06 14 17 20 42.346 1 BH? 
RSSD IU 2005 05 21 05 18 56.101  2005 05 21 05 22 18.101 1 BH? 
RSSD IU 2005 05 05 23 48 13.022  2005 05 05 23 51 35.022 1 BH? 
RSSD IU 2005 05 05 19 18 34.715  2005 05 05 19 21 56.715 1 BH? 
RSSD IU 2005 05 03 19 20 32.831  2005 05 03 19 23 54.831 1 BH? 
RSSD IU 2005 04 21 09 32 55.112  2005 04 21 09 36 17.112 1 BH? 
RSSD IU 2005 04 16 22 50 27.749  2005 04 16 22 53 49.749 1 BH? 
RSSD IU 2005 04 11 15 01 53.432  2005 04 11 15 05 15.432 1 BH? 
RSSD IU 2005 04 09 15 21 25.364  2005 04 09 15 24 47.364 1 BH? 
RSSD IU 2005 04 02 12 59 53.131  2005 04 02 13 03 15.131 1 BH? 
RSSD IU 2005 03 17 13 41 52.403  2005 03 17 13 45 14.403 1 BH? 
RSSD IU 2005 03 15 00 20 39.603  2005 03 15 00 24 01.603 1 BH? 
RSSD IU 2005 03 06 05 28 59.074  2005 03 06 05 32 21.075 1 BH? 
RSSD IU 2005 02 24 05 04 51.852  2005 02 24 05 08 13.852 1 BH? 
RSSD IU 2005 02 14 18 12 36.015  2005 02 14 18 15 58.015 1 BH? 
RSSD IU 2005 02 10 02 38 32.512  2005 02 10 02 41 54.512 1 BH? 
RSSD IU 2005 01 30 07 13 53.223  2005 01 30 07 17 15.223 1 BH? 
RSSD IU 2005 01 28 15 53 53.842  2005 01 28 15 57 15.842 1 BH? 
RSSD IU 2005 01 28 09 33 27.166  2005 01 28 09 36 49.166 1 BH? 
RSSD IU 2005 01 24 23 34 01.752  2005 01 24 23 37 23.752 1 BH? 
RSSD IU 2005 01 24 23 30 36.619  2005 01 24 23 33 58.619 1 BH? 
RSSD IU 2005 01 21 13 52 23.979  2005 01 21 13 55 45.979 1 BH? 
RSSD IU 2005 01 18 14 18 51.597  2005 01 18 14 22 13.597 1 BH? 
RSSD IU 2004 12 28 21 13 44.850  2004 12 28 21 17 06.850 1 BH? 
RSSD IU 2004 12 18 18 06 25.842  2004 12 18 18 09 47.842 1 BH? 
RSSD IU 2004 12 18 06 55 07.733  2004 12 18 06 58 29.733 1 BH? 
RSSD IU 2004 12 14 23 24 52.560  2004 12 14 23 28 14.560 1 BH? 
RSSD IU 2004 12 14 06 06 04.208  2004 12 14 06 09 26.208 1 BH? 
RSSD IU 2004 12 13 15 28 28.590  2004 12 13 15 31 50.590 1 BH? 
RSSD IU 2004 12 06 14 24 57.267  2004 12 06 14 28 19.267 1 BH? 
RSSD IU 2004 12 02 19 23 38.951  2004 12 02 19 27 00.951 1 BH? 
RSSD IU 2004 11 28 18 46 26.340  2004 11 28 18 49 48.340 1 BH? 
RSSD IU 2004 11 28 18 41 58.672  2004 11 28 18 45 20.672 1 BH? 
RSSD IU 2004 11 28 02 44 49.222  2004 11 28 02 48 11.222 1 BH? 
RSSD IU 2004 11 21 11 47 44.901  2004 11 21 11 51 06.901 1 BH? 
RSSD IU 2004 11 20 22 06 34.029  2004 11 20 22 09 56.029 1 BH? 
RSSD IU 2004 11 20 08 13 01.829  2004 11 20 08 16 23.829 1 BH? 
RSSD IU 2004 11 15 09 13 35.180  2004 11 15 09 16 57.180 1 BH? 
RSSD IU 2004 11 11 10 12 38.936  2004 11 11 10 16 00.936 1 BH? 
RSSD IU 2004 11 07 02 11 07.824  2004 11 07 02 14 29.824 1 BH? 
RSSD IU 2004 11 04 14 12 46.083  2004 11 04 14 16 08.083 1 BH? 
RSSD IU 2004 10 09 21 32 08.793  2004 10 09 21 35 30.793 1 BH? 
RSSD IU 2004 09 28 21 41 17.063  2004 09 28 21 44 39.063 1 BH? 
RSSD IU 2004 09 19 20 33 30.710  2004 09 19 20 36 52.710 1 BH? 
RSSD IU 2004 09 13 03 09 38.212  2004 09 13 03 13 00.212 1 BH? 
RSSD IU 2004 09 09 16 38 07.040  2004 09 09 16 41 29.040 1 BH? 
RSSD IU 2004 08 30 12 32 03.569  2004 08 30 12 35 25.569 1 BH? 
RSSD IU 2004 08 07 09 36 18.613  2004 08 07 09 39 40.613 1 BH? 
RSSD IU 2004 08 01 19 52 57.294  2004 08 01 19 56 19.294 1 BH? 
RSSD IU 2004 07 11 23 55 26.769  2004 07 11 23 58 48.769 1 BH? 
RSSD IU 2004 07 08 20 04 02.932  2004 07 08 20 07 24.932 1 BH? 
RSSD IU 2004 07 08 10 39 46.916  2004 07 08 10 43 08.916 1 BH? 
RSSD IU 2004 06 29 07 06 53.684  2004 06 29 07 10 15.684 1 BH? 
RSSD IU 2004 06 20 01 43 53.129  2004 06 20 01 47 15.129 1 BH? 
RSSD IU 2004 06 10 18 22 01.482  2004 06 10 18 25 23.482 1 BH? 
RSSD IU 2004 06 10 15 27 46.759  2004 06 10 15 31 08.759 1 BH? 
RSSD IU 2004 06 10 09 05 08.861  2004 06 10 09 08 30.861 1 BH? 
RSSD IU 2004 06 08 09 00 34.084  2004 06 08 09 03 56.084 1 BH? 
RSSD IU 2004 05 03 05 17 09.754  2004 05 03 05 20 31.754 1 BH? 
RSSD IU 2004 04 29 01 02 46.705  2004 04 29 01 06 08.705 1 BH? 
RSSD IU 2004 04 24 23 10 12.375  2004 04 24 23 13 34.375 1 BH? 
RSSD IU 2004 04 14 23 14 56.620  2004 04 14 23 18 18.620 1 BH? 
RSSD IU 2004 04 14 02 02 05.307  2004 04 14 02 05 27.307 1 BH? 
RSSD IU 2004 04 11 18 15 57.891  2004 04 11 18 19 19.891 1 BH? 
RSSD IU 2004 03 26 15 30 01.136  2004 03 26 15 33 23.136 1 BH? 
RSSD IU 2004 03 17 03 30 30.420  2004 03 17 03 33 52.420 1 BH? 
RSSD IU 2004 03 08 23 47 45.264  2004 03 08 23 51 07.264 1 BH? 
RSSD IU 2004 03 02 03 52 35.683  2004 03 02 03 55 57.683 1 BH? 
RSSD IU 2004 02 25 18 27 01.967  2004 02 25 18 30 23.967 1 BH? 
RSSD IU 2004 02 24 02 37 32.818  2004 02 24 02 40 54.818 1 BH? 
RSSD IU 2004 02 04 12 05 38.730  2004 02 04 12 09 00.730 1 BH? 
RSSD IU 2004 01 27 16 09 53.636  2004 01 27 16 13 15.636 1 BH? 
RSSD IU 2004 01 24 13 08 40.073  2004 01 24 13 12 02.073 1 BH? 
RSSD IU 2004 01 16 18 17 10.979  2004 01 16 18 20 32.979 1 BH? 
RSSD IU 2003 12 30 09 59 45.496  2003 12 30 10 03 07.496 1 BH? 
RSSD IU 2003 12 29 01 40 45.650  2003 12 29 01 44 07.650 1 BH? 
RSSD IU 2003 12 25 07 17 04.093  2003 12 25 07 20 26.093 1 BH? 
RSSD IU 2003 12 09 12 51 03.117  2003 12 09 12 54 25.117 1 BH? 
RSSD IU 2003 12 05 21 34 00.582  2003 12 05 21 37 22.582 1 BH? 
RSSD IU 2003 12 03 14 21 04.925  2003 12 03 14 24 26.925 1 BH? 
RSSD IU 2003 11 27 06 12 46.030  2003 11 27 06 16 08.030 1 BH? 
RSSD IU 2003 11 18 07 57 21.043  2003 11 18 08 00 43.043 1 BH? 
RSSD IU 2003 11 05 01 05 25.850  2003 11 05 01 08 47.850 1 BH? 
RSSD IU 2003 10 28 21 57 52.860  2003 10 28 22 01 14.860 1 BH? 
RSSD IU 2003 10 11 00 18 43.033  2003 10 11 00 22 05.033 1 BH? 
RSSD IU 2003 10 08 23 25 09.159  2003 10 08 23 28 31.159 1 BH? 
RSSD IU 2003 10 08 13 42 00.912  2003 10 08 13 45 22.912 1 BH? 
RSSD IU 2003 10 08 09 16 45.798  2003 10 08 09 20 07.798 1 BH? 
RSSD IU 2003 09 29 02 46 45.947  2003 09 29 02 50 07.947 1 BH? 
RSSD IU 2003 09 26 20 48 15.312  2003 09 26 20 51 37.312 1 BH? 
RSSD IU 2003 09 26 06 36 49.011  2003 09 26 06 40 11.011 1 BH? 
RSSD IU 2003 09 25 18 50 32.044  2003 09 25 18 53 54.044 1 BH? 
RSSD IU 2003 09 22 04 51 04.099  2003 09 22 04 54 26.099 1 BH? 
RSSD IU 2003 09 17 21 44 23.744  2003 09 17 21 47 45.744 1 BH? 
RSSD IU 2003 09 06 02 15 17.748  2003 09 06 02 18 39.748 1 BH? 
RSSD IU 2003 09 04 23 46 13.609  2003 09 04 23 49 35.609 1 BH? 
RSSD IU 2003 08 26 21 20 53.472  2003 08 26 21 24 15.472 1 BH? 
RSSD IU 2003 08 25 06 33 11.340  2003 08 25 06 36 33.340 1 BH? 
RSSD IU 2003 08 02 17 37 58.216  2003 08 02 17 41 20.216 1 BH? 
RSSD IU 2003 07 27 11 50 41.398  2003 07 27 11 54 03.398 1 BH? 
RSSD IU 2003 07 27 06 34 32.780  2003 07 27 06 37 54.780 1 BH? 
RSSD IU 2003 07 03 00 02 18.128  2003 07 03 00 05 40.128 1 BH? 
RSSD IU 2003 06 30 00 13 56.769  2003 06 30 00 17 18.769 1 BH? 
RSSD IU 2003 06 25 01 45 53.787  2003 06 25 01 49 15.787 1 BH? 
RSSD IU 2003 06 23 12 19 54.669  2003 06 23 12 23 16.669 1 BH? 
RSSD IU 2003 06 20 06 27 07.201  2003 06 20 06 30 29.201 1 BH? 
RSSD IU 2003 06 16 22 15 54.888  2003 06 16 22 19 16.888 1 BH? 
RSSD IU 2003 06 15 19 31 52.485  2003 06 15 19 35 14.485 1 BH? 
RSSD IU 2003 06 13 18 31 07.517  2003 06 13 18 34 29.517 1 BH? 
RSSD IU 2003 06 04 00 07 16.389  2003 06 04 00 10 38.389 1 BH? 
RSSD IU 2003 05 23 11 11 28.436  2003 05 23 11 14 50.436 1 BH? 
RSSD IU 2003 05 14 06 10 12.477  2003 05 14 06 13 34.477 1 BH? 
RSSD IU 2003 05 08 16 41 37.592  2003 05 08 16 44 59.592 1 BH? 
RSSD IU 2003 04 29 14 02 49.807  2003 04 29 14 06 11.807 1 BH? 
RSSD IU 2003 04 27 23 05 16.705  2003 04 27 23 08 38.705 1 BH? 
RSSD IU 2003 04 24 11 05 12.096  2003 04 24 11 08 34.096 1 BH? 
RSSD IU 2003 04 11 06 19 02.074  2003 04 11 06 22 24.074 1 BH? 
RSSD IU 2003 04 02 03 50 38.540  2003 04 02 03 54 00.540 1 BH? 
RSSD IU 2003 03 17 19 03 01.633  2003 03 17 19 06 23.633 1 BH? 
RSSD IU 2003 03 17 16 43 31.141  2003 03 17 16 46 53.141 1 BH? 
RSSD IU 2003 03 15 19 49 48.061  2003 03 15 19 53 10.061 1 BH? 
RSSD IU 2003 02 19 05 11 12.156  2003 02 19 05 14 34.156 1 BH? 
RSSD IU 2003 02 19 03 38 26.611  2003 02 19 03 41 48.611 1 BH? 
RSSD IU 2003 01 21 02 51 35.650  2003 01 21 02 54 57.650 1 BH? 
RSSD IU 2003 01 08 14 35 38.831  2003 01 08 14 39 00.831 1 BH? 
RSSD IU 2002 12 24 12 57 42.899  2002 12 24 13 01 04.899 1 BH? 
RSSD IU 2002 12 23 13 50 47.199  2002 12 23 13 54 09.199 1 BH? 
RSSD IU 2002 11 26 00 54 51.724  2002 11 26 00 58 13.724 1 BH? 
RSSD IU 2002 11 21 02 58 42.700  2002 11 21 03 02 04.700 1 BH? 
RSSD IU 2002 11 17 05 02 25.959  2002 11 17 05 05 47.959 1 BH? 
RSSD IU 2002 11 09 00 19 02.887  2002 11 09 00 22 24.887 1 BH? 
RSSD IU 2002 11 07 15 21 14.732  2002 11 07 15 24 36.732 1 BH? 
RSSD IU 2002 10 23 11 31 59.087  2002 10 23 11 35 21.087 1 BH? 
RSSD IU 2002 10 19 12 18 32.198  2002 10 19 12 21 54.198 1 BH? 
RSSD IU 2002 10 16 10 20 44.549  2002 10 16 10 24 06.550 1 BH? 
RSSD IU 2002 10 12 20 16 45.601  2002 10 12 20 20 07.601 1 BH? 
RSSD IU 2002 10 07 20 10 28.358  2002 10 07 20 13 50.358 1 BH? 
RSSD IU 2002 09 16 18 55 29.054  2002 09 16 18 58 51.054 1 BH? 
RSSD IU 2002 08 24 18 50 35.841  2002 08 24 18 53 57.841 1 BH? 
RSSD IU 2002 08 08 13 46 31.543  2002 08 08 13 49 53.543 1 BH? 
RSSD IU 2002 08 08 00 05 14.204  2002 08 08 00 08 36.204 1 BH? 
RSSD IU 2002 08 03 02 44 58.536  2002 08 03 02 48 20.536 1 BH? 
RSSD IU 2002 07 31 00 22 43.753  2002 07 31 00 26 05.753 1 BH? 
RSSD IU 2002 07 25 12 40 38.233  2002 07 25 12 44 00.233 1 BH? 
RSSD IU 2002 07 02 10 25 56.149  2002 07 02 10 29 18.149 1 BH? 
RSSD IU 2002 06 17 13 33 00.372  2002 06 17 13 36 22.372 1 BH? 
RSSD IU 2002 06 17 13 25 05.775  2002 06 17 13 28 27.775 1 BH? 
RSSD IU 2002 06 16 02 51 59.265  2002 06 16 02 55 21.265 1 BH? 
RSSD IU 2002 05 28 04 16 28.450  2002 05 28 04 19 50.450 1 BH? 
RSSD IU 2002 05 25 05 42 02.636  2002 05 25 05 45 24.636 1 BH? 
RSSD IU 2002 05 08 19 53 29.894  2002 05 08 19 56 51.894 1 BH? 
RSSD IU 2002 04 26 07 23 21.529  2002 04 26 07 26 43.529 1 BH? 
RSSD IU 2002 04 21 22 31 47.377  2002 04 21 22 35 09.377 1 BH? 
RSSD IU 2002 03 28 05 55 57.440  2002 03 28 05 59 19.440 1 BH? 
RSSD IU 2002 03 28 05 06 15.852  2002 03 28 05 09 37.852 1 BH? 
RSSD IU 2002 03 20 04 07 43.341  2002 03 20 04 11 05.341 1 BH? 
RSSD IU 2002 03 17 04 04 27.087  2002 03 17 04 07 49.087 1 BH? 
RSSD IU 2002 03 14 16 15 10.318  2002 03 14 16 18 32.318 1 BH? 
RSSD IU 2002 02 14 23 27 48.944  2002 02 14 23 31 10.944 1 BH? 
RSSD IU 2002 01 28 13 59 15.493  2002 01 28 14 02 37.493 1 BH? 
RSSD IU 2002 01 24 21 14 14.864  2002 01 24 21 17 36.864 1 BH? 
RSSD IU 2002 01 21 15 57 16.687  2002 01 21 16 00 38.687 1 BH? 
RSSD IU 2002 01 16 23 14 12.648  2002 01 16 23 17 34.648 1 BH? 
RSSD IU 2002 01 12 08 32 11.422  2002 01 12 08 35 33.422 1 BH? 
RSSD IU 2002 01 07 02 59 42.370  2002 01 07 03 03 04.370 1 BH? 
RSSD IU 2002 01 06 22 13 44.366  2002 01 06 22 17 06.366 1 BH? 
RSSD IU 2002 01 06 01 42 27.024  2002 01 06 01 45 49.025 1 BH? 
RSSD IU 2001 12 28 22 17 29.880  2001 12 28 22 20 51.880 1 BH? 
RSSD IU 2001 12 13 13 58 01.300  2001 12 13 14 01 23.300 1 BH? 
RSSD IU 2001 12 04 06 06 20.523  2001 12 04 06 09 42.523 1 BH? 
RSSD IU 2001 11 17 19 11 39.490  2001 11 17 19 15 01.490 1 BH? 
RSSD IU 2001 11 13 10 50 59.958  2001 11 13 10 54 21.958 1 BH? 
RSSD IU 2001 11 12 23 48 56.034  2001 11 12 23 52 18.034 1 BH? 
RSSD IU 2001 11 09 00 53 42.972  2001 11 09 00 57 04.972 1 BH? 
RSSD IU 2001 10 26 19 08 41.652  2001 10 26 19 12 03.652 1 BH? 
RSSD IU 2001 10 17 11 35 07.569  2001 10 17 11 38 29.569 1 BH? 
RSSD IU 2001 10 10 00 02 38.921  2001 10 10 00 06 00.921 1 BH? 
RSSD IU 2001 10 08 18 28 56.414  2001 10 08 18 32 18.414 1 BH? 
RSSD IU 2001 10 08 18 22 48.371  2001 10 08 18 26 10.371 1 BH? 
RSSD IU 2001 10 03 17 34 04.532  2001 10 03 17 37 26.532 1 BH? 
RSSD IU 2001 09 22 03 30 12.448  2001 09 22 03 33 34.448 1 BH? 
RSSD IU 2001 08 28 07 05 49.901  2001 08 28 07 09 11.901 1 BH? 
RSSD IU 2001 08 25 02 08 01.901  2001 08 25 02 11 23.901 1 BH? 
RSSD IU 2001 08 09 02 15 55.653  2001 08 09 02 19 17.653 1 BH? 
RSSD IU 2001 08 02 23 49 01.111  2001 08 02 23 52 23.112 1 BH? 
RSSD IU 2001 07 31 12 31 12.440  2001 07 31 12 34 34.440 1 BH? 
RSSD IU 2001 07 28 07 37 33.088  2001 07 28 07 40 55.088 1 BH? 
RSSD IU 2001 07 24 05 09 43.245  2001 07 24 05 13 05.245 1 BH? 
RSSD IU 2001 07 19 18 05 20.476  2001 07 19 18 08 42.476 1 BH? 
RSSD IU 2001 07 13 19 55 32.164  2001 07 13 19 58 54.164 1 BH? 
RSSD IU 2001 07 05 14 02 48.818  2001 07 05 14 06 10.818 1 BH? 
RSSD IU 2001 07 04 12 18 34.120  2001 07 04 12 21 56.120 1 BH? 
RSSD IU 2001 06 29 18 45 07.689  2001 06 29 18 48 29.689 1 BH? 
RSSD IU 2001 06 26 12 40 51.661  2001 06 26 12 44 13.661 1 BH? 
RSSD IU 2001 06 26 04 27 51.692  2001 06 26 04 31 13.692 1 BH? 
RSSD IU 2001 06 25 06 47 56.100  2001 06 25 06 51 18.100 1 BH? 
RSSD IU 2001 06 24 13 28 23.490  2001 06 24 13 31 45.490 1 BH? 
RSSD IU 2001 06 23 23 19 09.074  2001 06 23 23 22 31.074 1 BH? 
RSSD IU 2001 06 23 22 33 47.098  2001 06 23 22 37 09.098 1 BH? 
RSSD IU 2001 06 23 21 36 48.626  2001 06 23 21 40 10.626 1 BH? 
RSSD IU 2001 06 23 21 14 59.082  2001 06 23 21 18 21.082 1 BH? 
RSSD IU 2001 06 23 21 05 22.511  2001 06 23 21 08 44.511 1 BH? 
RSSD IU 2001 06 20 00 13 45.679  2001 06 20 00 17 07.679 1 BH? 
RSSD IU 2001 06 19 14 18 41.141  2001 06 19 14 22 03.141 1 BH? 
RSSD IU 2001 06 19 09 42 06.558  2001 06 19 09 45 28.558 1 BH? 
RSSD IU 2001 06 14 19 55 54.458  2001 06 14 19 59 16.458 1 BH? 
RSSD IU 2001 05 25 00 50 22.422  2001 05 25 00 53 44.422 1 BH? 
RSSD IU 2001 05 08 18 07 12.785  2001 05 08 18 10 34.785 1 BH? 
RSSD IU 2001 04 26 19 05 09.769  2001 04 26 19 08 31.769 1 BH? 
RSSD IU 2001 04 26 17 58 35.763  2001 04 26 18 01 57.763 1 BH? 
RSSD IU 2001 04 17 22 01 06.530  2001 04 17 22 04 28.530 1 BH? 
RSSD IU 2001 03 29 06 59 24.690  2001 03 29 07 02 46.690 1 BH? 
RSSD IU 2001 03 23 11 39 44.064  2001 03 23 11 43 06.064 1 BH? 
RSSD IU 2001 03 18 15 48 20.134  2001 03 18 15 51 42.134 1 BH? 
RSSD IU 2001 03 16 04 45 39.803  2001 03 16 04 49 01.803 1 BH? 
RSSD IU 2001 03 16 00 06 13.585  2001 03 16 00 09 35.585 1 BH? 
RSSD IU 2001 02 28 18 55 04.906  2001 02 28 18 58 26.906 1 BH? 
RSSD IU 2001 02 26 06 07 17.240  2001 02 26 06 10 39.240 1 BH? 
RSSD IU 2001 02 24 18 08 07.165  2001 02 24 18 11 29.165 1 BH? 
RSSD IU 2001 02 21 15 28 54.526  2001 02 21 15 32 16.526 1 BH? 
RSSD IU 2001 02 13 14 27 00.992  2001 02 13 14 30 22.992 1 BH? 
RSSD IU 2001 02 07 15 24 14.125  2001 02 07 15 27 36.125 1 BH? 
RSSD IU 2001 02 07 10 28 02.149  2001 02 07 10 31 24.149 1 BH? 
RSSD IU 2001 02 02 08 15 37.159  2001 02 02 08 18 59.159 1 BH? 
RSSD IU 2001 02 01 18 26 24.931  2001 02 01 18 29 46.931 1 BH? 
RSSD IU 2001 01 23 05 28 12.453  2001 01 23 05 31 34.453 1 BH? 
RSSD IU 2001 01 19 01 17 12.786  2001 01 19 01 20 34.786 1 BH? 
RSSD IU 2001 01 16 11 03 12.036  2001 01 16 11 06 34.036 1 BH? 
RSSD IU 2001 01 16 08 27 06.537  2001 01 16 08 30 28.537 1 BH? 
RSSD IU 2001 01 15 12 25 04.015  2001 01 15 12 28 26.015 1 BH? 
RSSD IU 2001 01 14 22 46 24.398  2001 01 14 22 49 46.398 1 BH? 
RSSD IU 2001 01 12 10 56 38.073  2001 01 12 11 00 00.073 1 BH? 
RSSD IU 2001 01 10 16 07 34.880  2001 01 10 16 10 56.880 1 BH? 
RSSD IU 2001 01 05 08 13 24.394  2001 01 05 08 16 46.394 1 BH? 
RSSD IU 2001 01 03 14 57 24.639  2001 01 03 15 00 46.639 1 BH? 
RSSD IU 2000 12 22 10 22 22.181  2000 12 22 10 25 44.181 1 BH? 
RSSD IU 2000 12 12 05 33 00.144  2000 12 12 05 36 22.144 1 BH? 
RSSD IU 2000 12 05 22 17 40.146  2000 12 05 22 21 02.146 1 BH? 
RSSD IU 2000 12 04 04 47 38.553  2000 12 04 04 51 00.553 1 BH? 
RSSD IU 2000 12 03 13 02 11.254  2000 12 03 13 05 33.254 1 BH? 
RSSD IU 2000 12 01 13 35 02.873  2000 12 01 13 38 24.873 1 BH? 
RSSD IU 2000 11 29 10 40 35.833  2000 11 29 10 43 57.833 1 BH? 
RSSD IU 2000 11 13 16 07 12.083  2000 11 13 16 10 34.084 1 BH? 
RSSD IU 2000 11 13 06 54 10.531  2000 11 13 06 57 32.531 1 BH? 
RSSD IU 2000 11 08 07 06 20.527  2000 11 08 07 09 42.527 1 BH? 
RSSD IU 2000 11 06 11 45 19.834  2000 11 06 11 48 41.834 1 BH? 
RSSD IU 2000 11 01 04 35 45.470  2000 11 01 04 39 07.470 1 BH? 
RSSD IU 2000 10 30 03 13 37.752  2000 10 30 03 16 59.752 1 BH? 
RSSD IU 2000 10 21 15 59 13.290  2000 10 21 16 02 35.290 1 BH? 
RSSD IU 2000 10 17 20 04 50.152  2000 10 17 20 08 12.153 1 BH? 
RSSD IU 2000 10 05 13 46 25.513  2000 10 05 13 49 47.513 1 BH? 
RSSD IU 2000 10 04 14 44 35.703  2000 10 04 14 47 57.703 1 BH? 
RSSD IU 2000 09 28 23 30 47.267  2000 09 28 23 34 09.267 1 BH? 
RSSD IU 2000 09 23 02 27 37.320  2000 09 23 02 30 59.320 1 BH? 
RSSD IU 2000 08 19 17 36 01.858  2000 08 19 17 39 23.858 1 BH? 
RSSD IU 2000 08 15 20 30 25.645  2000 08 15 20 33 47.645 1 BH? 
RSSD IU 2000 08 04 21 22 36.965  2000 08 04 21 25 58.965 1 BH? 
RSSD IU 2000 08 03 19 31 28.901  2000 08 03 19 34 50.901 1 BH? 
RSSD IU 2000 07 21 01 59 12.226  2000 07 21 02 02 34.226 1 BH? 
RSSD IU 2000 07 11 01 37 21.446  2000 07 11 01 40 43.446 1 BH? 
RSSD IU 2000 07 10 10 07 14.365  2000 07 10 10 10 36.365 1 BH? 
RSSD IU 2000 07 07 15 53 49.387  2000 07 07 15 57 11.388 1 BH? 
RSSD IU 2000 06 21 00 58 49.166  2000 06 21 01 02 11.166 1 BH? 
RSSD IU 2000 06 17 15 49 55.258  2000 06 17 15 53 17.258 1 BH? 
RSSD IU 2000 06 17 15 47 44.902  2000 06 17 15 51 06.902 1 BH? 
RSSD IU 2000 05 22 13 22 37.386  2000 05 22 13 25 59.386 1 BH? 
RSSD IU 2000 05 21 20 06 04.971  2000 05 21 20 09 26.971 1 BH? 
RSSD IU 2000 05 19 20 39 12.530  2000 05 19 20 42 34.530 1 BH? 
RSSD IU 2000 04 29 20 00 06.810  2000 04 29 20 03 28.810 1 BH? 
RSSD IU 2000 04 21 04 42 13.883  2000 04 21 04 45 35.883 1 BH? 
RSSD IU 2000 03 25 16 24 34.577  2000 03 25 16 27 56.577 1 BH? 
RSSD IU 2000 03 12 22 25 58.629  2000 03 12 22 29 20.629 1 BH? 
RSSD IU 2000 02 26 18 30 36.639  2000 02 26 18 33 58.639 1 BH? 
RSSD IU 2000 02 20 08 33 08.362  2000 02 20 08 36 30.362 1 BH? 
RSSD IU 2000 01 28 14 30 45.736  2000 01 28 14 34 07.736 1 BH? 
RSSD IU 2000 01 20 06 18 15.691  2000 01 20 06 21 37.691 1 BH? 
RSSD IU 2000 01 08 12 09 13.436  2000 01 08 12 12 35.436 1 BH? 
RSSD IU 2000 01 02 13 05 26.764  2000 01 02 13 08 48.764 1 BH? 
RSSD IU 1999 12 28 12 53 15.427  1999 12 28 12 56 37.427 1 BH? 
RSSD IU 1999 12 22 22 14 49.871  1999 12 22 22 18 11.871 1 BH? 
RSSD IU 1999 12 17 04 12 41.689  1999 12 17 04 16 03.689 1 BH? 
RSSD IU 1999 12 12 18 01 52.911  1999 12 12 18 05 14.911 1 BH? 
RSSD IU 1999 12 07 00 24 45.450  1999 12 07 00 28 07.450 1 BH? 
RSSD IU 1999 12 06 23 17 27.055  1999 12 06 23 20 49.055 1 BH? 
RSSD IU 1999 12 01 19 27 52.984  1999 12 01 19 31 14.984 1 BH? 
RSSD IU 1999 11 30 04 11 13.674  1999 11 30 04 14 35.674 1 BH? 
RSSD IU 1999 11 27 23 20 19.858  1999 11 27 23 23 41.858 1 BH? 
RSSD IU 1999 11 27 02 40 39.899  1999 11 27 02 44 01.899 1 BH? 
RSSD IU 1999 11 26 00 36 50.975  1999 11 26 00 40 12.975 1 BH? 
RSSD IU 1999 11 21 04 00 54.098  1999 11 21 04 04 16.098 1 BH? 
RSSD IU 1999 11 13 19 38 46.142  1999 11 13 19 42 08.142 1 BH? 
RSSD IU 1999 11 11 02 49 52.000  1999 11 11 02 53 14.000 1 BH? 
RSSD IU 1999 10 24 04 31 08.119  1999 10 24 04 34 30.119 1 BH? 
RSSD IU 1999 10 13 01 39 10.631  1999 10 13 01 42 32.631 1 BH? 
RSSD IU 1999 10 03 02 18 25.153  1999 10 03 02 21 47.153 1 BH? 
RSSD IU 1999 09 28 05 08 24.995  1999 09 28 05 11 46.995 1 BH? 
