.NAME zeilon
.INST Brown University
.MAIL 324 Brook Street, Providence, RI 02912
.EMAIL eilon@geol.ucsb.edu
.PHONE (845) 365-8460
.FAX (845) 365-8101
.MEDIA: Electronic
.ALTERNATE MEDIA: EXABYTE
.ALTERNATE MEDIA: DVD
.LABEL RSSD_IU_30_75_S
.QUALITY B
.END

RSSD IU 2017 09 10 21 53 24.802  2017 09 10 21 56 46.802 1 BH? 
RSSD IU 2017 09 08 05 10 55.312  2017 09 08 05 14 17.312 1 BH? 
RSSD IU 2017 09 01 11 20 38.338  2017 09 01 11 24 00.338 1 BH? 
RSSD IU 2017 08 13 17 08 11.002  2017 08 13 17 11 33.002 1 BH? 
RSSD IU 2017 07 30 21 18 51.643  2017 07 30 21 22 13.643 1 BH? 
RSSD IU 2017 07 27 18 09 06.137  2017 07 27 18 12 28.137 1 BH? 
RSSD IU 2017 07 18 02 23 13.004  2017 07 18 02 26 35.004 1 BH? 
RSSD IU 2017 07 17 11 20 29.955  2017 07 17 11 23 51.955 1 BH? 
RSSD IU 2017 06 30 22 43 56.659  2017 06 30 22 47 18.659 1 BH? 
RSSD IU 2017 06 30 01 49 31.672  2017 06 30 01 52 53.672 1 BH? 
RSSD IU 2017 06 24 16 26 47.292  2017 06 24 16 30 09.292 1 BH? 
RSSD IU 2017 06 22 12 40 59.916  2017 06 22 12 44 21.916 1 BH? 
RSSD IU 2017 06 14 07 38 29.990  2017 06 14 07 41 51.990 1 BH? 
RSSD IU 2017 06 02 22 39 56.620  2017 06 02 22 43 18.620 1 BH? 
RSSD IU 2017 05 24 16 48 17.651  2017 05 24 16 51 39.651 1 BH? 
RSSD IU 2017 05 12 10 51 46.476  2017 05 12 10 55 08.476 1 BH? 
RSSD IU 2017 05 08 17 14 48.509  2017 05 08 17 18 10.509 1 BH? 
RSSD IU 2017 05 08 16 01 18.717  2017 05 08 16 04 40.717 1 BH? 
RSSD IU 2017 04 27 15 00 57.293  2017 04 27 15 04 19.293 1 BH? 
RSSD IU 2017 04 18 18 05 06.746  2017 04 18 18 08 28.746 1 BH? 
RSSD IU 2017 03 29 04 25 06.732  2017 03 29 04 28 28.732 1 BH? 
RSSD IU 2017 03 27 11 05 25.648  2017 03 27 11 08 47.648 1 BH? 
RSSD IU 2017 02 21 14 26 36.723  2017 02 21 14 29 58.723 1 BH? 
RSSD IU 2017 02 03 20 07 55.531  2017 02 03 20 11 17.531 1 BH? 
RSSD IU 2017 01 17 09 18 19.980  2017 01 17 09 21 41.980 1 BH? 
RSSD IU 2017 01 11 22 17 31.525  2017 01 11 22 20 53.525 1 BH? 
RSSD IU 2017 01 08 23 56 47.167  2017 01 09 00 00 09.167 1 BH? 
RSSD IU 2017 01 06 06 49 32.736  2017 01 06 06 52 54.736 1 BH? 
RSSD IU 2017 01 02 13 29 01.981  2017 01 02 13 32 23.981 1 BH? 
RSSD IU 2016 12 18 13 45 27.783  2016 12 18 13 48 49.783 1 BH? 
RSSD IU 2016 12 11 14 48 26.044  2016 12 11 14 51 48.044 1 BH? 
RSSD IU 2016 12 06 21 56 34.739  2016 12 06 21 59 56.739 1 BH? 
RSSD IU 2016 12 03 09 38 25.438  2016 12 03 09 41 47.438 1 BH? 
RSSD IU 2016 12 01 22 58 28.875  2016 12 01 23 01 50.875 1 BH? 
RSSD IU 2016 11 24 18 54 28.662  2016 11 24 18 57 50.662 1 BH? 
RSSD IU 2016 10 27 12 04 59.782  2016 10 27 12 08 21.782 1 BH? 
RSSD IU 2016 10 23 20 44 15.457  2016 10 23 20 47 37.458 1 BH? 
RSSD IU 2016 09 15 06 08 08.961  2016 09 15 06 11 30.961 1 BH? 
RSSD IU 2016 09 14 02 11 29.374  2016 09 14 02 14 51.374 1 BH? 
RSSD IU 2016 09 12 07 11 13.077  2016 09 12 07 14 35.077 1 BH? 
RSSD IU 2016 09 10 10 23 35.648  2016 09 10 10 26 57.648 1 BH? 
RSSD IU 2016 09 05 23 09 26.981  2016 09 05 23 12 48.981 1 BH? 
RSSD IU 2016 08 14 11 33 49.206  2016 08 14 11 37 11.206 1 BH? 
RSSD IU 2016 07 23 01 17 35.336  2016 07 23 01 20 57.336 1 BH? 
RSSD IU 2016 07 11 02 25 07.604  2016 07 11 02 28 29.604 1 BH? 
RSSD IU 2016 07 11 02 15 13.728  2016 07 11 02 18 35.728 1 BH? 
RSSD IU 2016 06 21 16 41 32.169  2016 06 21 16 44 54.169 1 BH? 
RSSD IU 2016 06 13 01 13 44.420  2016 06 13 01 17 06.420 1 BH? 
RSSD IU 2016 06 10 03 36 00.157  2016 06 10 03 39 22.157 1 BH? 
RSSD IU 2016 06 08 08 45 39.085  2016 06 08 08 49 01.085 1 BH? 
RSSD IU 2016 05 31 21 02 13.954  2016 05 31 21 05 35.954 1 BH? 
RSSD IU 2016 05 31 10 21 45.052  2016 05 31 10 25 07.052 1 BH? 
RSSD IU 2016 05 18 17 00 45.808  2016 05 18 17 04 07.808 1 BH? 
RSSD IU 2016 05 18 08 11 07.931  2016 05 18 08 14 29.931 1 BH? 
RSSD IU 2016 05 14 18 31 59.013  2016 05 14 18 35 21.013 1 BH? 
RSSD IU 2016 05 03 00 19 39.966  2016 05 03 00 23 01.966 1 BH? 
RSSD IU 2016 04 29 01 44 05.432  2016 04 29 01 47 27.432 1 BH? 
RSSD IU 2016 04 27 13 01 00.759  2016 04 27 13 04 22.759 1 BH? 
RSSD IU 2016 04 25 07 16 50.254  2016 04 25 07 20 12.254 1 BH? 
RSSD IU 2016 04 23 01 38 35.836  2016 04 23 01 41 57.836 1 BH? 
RSSD IU 2016 04 22 03 34 25.514  2016 04 22 03 37 47.514 1 BH? 
RSSD IU 2016 04 22 03 17 54.072  2016 04 22 03 21 16.072 1 BH? 
RSSD IU 2016 04 20 08 49 12.511  2016 04 20 08 52 34.511 1 BH? 
RSSD IU 2016 04 20 08 47 48.077  2016 04 20 08 51 10.077 1 BH? 
RSSD IU 2016 04 17 07 28 12.320  2016 04 17 07 31 34.320 1 BH? 
RSSD IU 2016 04 15 14 21 25.842  2016 04 15 14 24 47.842 1 BH? 
RSSD IU 2016 04 14 03 22 22.160  2016 04 14 03 25 44.160 1 BH? 
RSSD IU 2016 04 12 03 36 42.676  2016 04 12 03 40 04.676 1 BH? 
RSSD IU 2016 04 02 06 00 51.385  2016 04 02 06 04 13.385 1 BH? 
RSSD IU 2016 03 27 18 14 04.929  2016 03 27 18 17 26.929 1 BH? 
RSSD IU 2016 03 20 23 06 17.330  2016 03 20 23 09 39.330 1 BH? 
RSSD IU 2016 03 19 11 39 37.480  2016 03 19 11 42 59.480 1 BH? 
RSSD IU 2016 03 19 01 48 35.804  2016 03 19 01 51 57.804 1 BH? 
RSSD IU 2016 03 12 18 20 05.925  2016 03 12 18 23 27.925 1 BH? 
RSSD IU 2016 01 30 03 41 11.850  2016 01 30 03 44 33.850 1 BH? 
RSSD IU 2016 01 25 04 41 12.929  2016 01 25 04 44 34.929 1 BH? 
RSSD IU 2016 01 24 10 40 23.493  2016 01 24 10 43 45.493 1 BH? 
RSSD IU 2016 01 14 03 43 10.101  2016 01 14 03 46 32.101 1 BH? 
RSSD IU 2016 01 11 17 26 47.448  2016 01 11 17 30 09.448 1 BH? 
RSSD IU 2015 12 31 11 07 58.548  2015 12 31 11 11 20.548 1 BH? 
RSSD IU 2015 12 07 23 03 17.476  2015 12 07 23 06 39.476 1 BH? 
RSSD IU 2015 11 26 06 00 27.257  2015 11 26 06 03 49.257 1 BH? 
RSSD IU 2015 11 16 17 06 49.080  2015 11 16 17 10 11.080 1 BH? 
RSSD IU 2015 11 16 00 49 35.842  2015 11 16 00 52 57.842 1 BH? 
RSSD IU 2015 11 09 16 17 00.609  2015 11 09 16 20 22.609 1 BH? 
RSSD IU 2015 11 08 11 46 27.470  2015 11 08 11 49 49.470 1 BH? 
RSSD IU 2015 11 08 08 31 37.880  2015 11 08 08 34 59.880 1 BH? 
RSSD IU 2015 11 02 08 28 51.088  2015 11 02 08 32 13.089 1 BH? 
RSSD IU 2015 11 01 15 35 33.246  2015 11 01 15 38 55.246 1 BH? 
RSSD IU 2015 10 14 06 00 32.502  2015 10 14 06 03 54.502 1 BH? 
RSSD IU 2015 10 14 06 00 32.171  2015 10 14 06 03 54.171 1 BH? 
RSSD IU 2015 10 05 17 49 43.860  2015 10 05 17 53 05.860 1 BH? 
RSSD IU 2015 09 18 16 15 37.757  2015 09 18 16 18 59.757 1 BH? 
RSSD IU 2015 09 10 10 39 25.650  2015 09 10 10 42 47.650 1 BH? 
RSSD IU 2015 09 08 08 13 36.437  2015 09 08 08 16 58.437 1 BH? 
RSSD IU 2015 09 05 13 33 26.384  2015 09 05 13 36 48.384 1 BH? 
RSSD IU 2015 09 05 13 33 25.476  2015 09 05 13 36 47.476 1 BH? 
RSSD IU 2015 08 15 20 29 49.004  2015 08 15 20 33 11.004 1 BH? 
RSSD IU 2015 07 29 02 45 53.324  2015 07 29 02 49 15.324 1 BH? 
RSSD IU 2015 07 29 00 23 05.092  2015 07 29 00 26 27.092 1 BH? 
RSSD IU 2015 07 27 07 56 05.308  2015 07 27 07 59 27.308 1 BH? 
RSSD IU 2015 07 27 07 53 06.202  2015 07 27 07 56 28.202 1 BH? 
RSSD IU 2015 07 27 05 08 24.000  2015 07 27 05 11 46.000 1 BH? 
RSSD IU 2015 07 27 05 03 58.219  2015 07 27 05 07 20.219 1 BH? 
RSSD IU 2015 07 27 05 02 23.247  2015 07 27 05 05 45.247 1 BH? 
RSSD IU 2015 07 16 15 30 42.539  2015 07 16 15 34 04.539 1 BH? 
RSSD IU 2015 07 16 11 15 58.748  2015 07 16 11 19 20.748 1 BH? 
RSSD IU 2015 07 07 16 24 15.205  2015 07 07 16 27 37.205 1 BH? 
RSSD IU 2015 07 07 07 17 54.019  2015 07 07 07 21 16.019 1 BH? 
RSSD IU 2015 07 07 05 29 14.247  2015 07 07 05 32 36.247 1 BH? 
RSSD IU 2015 06 29 09 27 05.584  2015 06 29 09 30 27.584 1 BH? 
RSSD IU 2015 06 24 22 42 10.751  2015 06 24 22 45 32.751 1 BH? 
RSSD IU 2015 06 10 14 11 14.402  2015 06 10 14 14 36.402 1 BH? 
RSSD IU 2015 05 29 07 10 35.751  2015 05 29 07 13 57.751 1 BH? 
RSSD IU 2015 03 23 05 09 56.472  2015 03 23 05 13 18.472 1 BH? 
RSSD IU 2015 03 10 21 08 46.751  2015 03 10 21 12 08.751 1 BH? 
RSSD IU 2015 03 09 03 01 14.962  2015 03 09 03 04 36.962 1 BH? 
RSSD IU 2015 02 13 19 12 47.259  2015 02 13 19 16 09.259 1 BH? 
RSSD IU 2015 02 05 04 53 40.683  2015 02 05 04 57 02.683 1 BH? 
RSSD IU 2015 01 07 05 19 46.178  2015 01 07 05 23 08.178 1 BH? 
RSSD IU 2014 12 27 00 04 46.748  2014 12 27 00 08 08.748 1 BH? 
RSSD IU 2014 12 08 09 07 00.131  2014 12 08 09 10 22.131 1 BH? 
RSSD IU 2014 12 07 21 26 32.748  2014 12 07 21 29 54.748 1 BH? 
RSSD IU 2014 12 07 12 21 28.425  2014 12 07 12 24 50.425 1 BH? 
RSSD IU 2014 12 06 17 33 57.102  2014 12 06 17 37 19.102 1 BH? 
RSSD IU 2014 10 26 11 02 00.875  2014 10 26 11 05 22.875 1 BH? 
RSSD IU 2014 10 02 13 13 25.841  2014 10 02 13 16 47.841 1 BH? 
RSSD IU 2014 09 25 18 01 07.376  2014 09 25 18 04 29.376 1 BH? 
RSSD IU 2014 09 06 08 07 33.381  2014 09 06 08 10 55.381 1 BH? 
RSSD IU 2014 09 06 07 12 11.025  2014 09 06 07 15 33.025 1 BH? 
RSSD IU 2014 09 05 19 55 28.681  2014 09 05 19 58 50.681 1 BH? 
RSSD IU 2014 09 03 20 52 58.020  2014 09 03 20 56 20.020 1 BH? 
RSSD IU 2014 08 24 23 39 11.201  2014 08 24 23 42 33.201 1 BH? 
RSSD IU 2014 08 24 23 39 09.172  2014 08 24 23 42 31.172 1 BH? 
RSSD IU 2014 07 27 01 43 23.358  2014 07 27 01 46 45.358 1 BH? 
RSSD IU 2014 07 20 18 51 20.811  2014 07 20 18 54 42.811 1 BH? 
RSSD IU 2014 07 07 11 33 28.015  2014 07 07 11 36 50.015 1 BH? 
RSSD IU 2014 07 03 19 20 50.398  2014 07 03 19 24 12.398 1 BH? 
RSSD IU 2014 07 03 12 20 51.561  2014 07 03 12 24 13.561 1 BH? 
RSSD IU 2014 07 03 12 20 40.245  2014 07 03 12 24 02.245 1 BH? 
RSSD IU 2014 07 03 03 12 07.028  2014 07 03 03 15 29.028 1 BH? 
RSSD IU 2014 07 03 03 12 07.366  2014 07 03 03 15 29.366 1 BH? 
RSSD IU 2014 06 24 08 27 08.127  2014 06 24 08 30 30.127 1 BH? 
RSSD IU 2014 06 24 03 30 11.863  2014 06 24 03 33 33.863 1 BH? 
RSSD IU 2014 06 24 01 06 33.345  2014 06 24 01 09 55.345 1 BH? 
RSSD IU 2014 06 23 22 43 55.269  2014 06 23 22 47 17.269 1 BH? 
RSSD IU 2014 06 23 21 44 51.236  2014 06 23 21 48 13.236 1 BH? 
RSSD IU 2014 06 23 21 25 45.134  2014 06 23 21 29 07.134 1 BH? 
RSSD IU 2014 06 23 21 14 06.342  2014 06 23 21 17 28.342 1 BH? 
RSSD IU 2014 06 20 20 41 16.502  2014 06 20 20 44 38.502 1 BH? 
RSSD IU 2014 06 19 20 12 55.140  2014 06 19 20 16 17.140 1 BH? 
RSSD IU 2014 06 19 09 57 29.283  2014 06 19 10 00 51.283 1 BH? 
RSSD IU 2014 06 16 12 12 38.263  2014 06 16 12 16 00.263 1 BH? 
RSSD IU 2014 06 16 06 53 25.577  2014 06 16 06 56 47.577 1 BH? 
RSSD IU 2014 06 07 04 55 04.153  2014 06 07 04 58 26.153 1 BH? 
RSSD IU 2014 06 05 17 41 29.655  2014 06 05 17 44 51.655 1 BH? 
RSSD IU 2014 05 28 21 26 41.761  2014 05 28 21 30 03.761 1 BH? 
RSSD IU 2014 05 19 00 01 07.492  2014 05 19 00 04 29.492 1 BH? 
RSSD IU 2014 05 16 11 15 00.582  2014 05 16 11 18 22.582 1 BH? 
RSSD IU 2014 05 13 06 47 47.424  2014 05 13 06 51 09.424 1 BH? 
RSSD IU 2014 05 10 14 26 00.666  2014 05 10 14 29 22.666 1 BH? 
RSSD IU 2014 05 03 09 08 44.521  2014 05 03 09 12 06.521 1 BH? 
RSSD IU 2014 04 20 02 13 08.676  2014 04 20 02 16 30.676 1 BH? 
RSSD IU 2014 04 19 21 13 34.524  2014 04 19 21 16 56.524 1 BH? 
RSSD IU 2014 04 18 19 08 17.832  2014 04 18 19 11 39.832 1 BH? 
RSSD IU 2014 04 18 18 55 47.824  2014 04 18 18 59 09.824 1 BH? 
RSSD IU 2014 04 11 20 39 47.287  2014 04 11 20 43 09.287 1 BH? 
RSSD IU 2014 04 11 00 20 44.998  2014 04 11 00 24 06.998 1 BH? 
RSSD IU 2014 04 10 23 38 30.821  2014 04 10 23 41 52.821 1 BH? 
RSSD IU 2014 04 07 14 02 15.243  2014 04 07 14 05 37.243 1 BH? 
RSSD IU 2014 04 04 01 56 49.709  2014 04 04 02 00 11.709 1 BH? 
RSSD IU 2014 04 03 05 45 15.080  2014 04 03 05 48 37.080 1 BH? 
RSSD IU 2014 04 03 02 17 27.296  2014 04 03 02 20 49.296 1 BH? 
RSSD IU 2014 04 02 16 25 36.562  2014 04 02 16 28 58.562 1 BH? 
RSSD IU 2014 04 02 05 05 12.379  2014 04 02 05 08 34.379 1 BH? 
RSSD IU 2014 04 02 00 22 02.410  2014 04 02 00 25 24.410 1 BH? 
RSSD IU 2014 04 02 00 18 46.042  2014 04 02 00 22 08.042 1 BH? 
RSSD IU 2014 04 02 00 16 48.153  2014 04 02 00 20 10.153 1 BH? 
RSSD IU 2014 03 24 16 04 18.787  2014 03 24 16 07 40.787 1 BH? 
RSSD IU 2014 03 24 11 59 32.981  2014 03 24 12 02 54.981 1 BH? 
RSSD IU 2014 03 24 11 45 29.596  2014 03 24 11 48 51.596 1 BH? 
RSSD IU 2014 03 23 18 38 50.276  2014 03 23 18 42 12.276 1 BH? 
RSSD IU 2014 03 22 13 18 49.252  2014 03 22 13 22 11.252 1 BH? 
RSSD IU 2014 03 18 21 45 39.827  2014 03 18 21 49 01.827 1 BH? 
RSSD IU 2014 03 17 05 30 28.443  2014 03 17 05 33 50.443 1 BH? 
RSSD IU 2014 03 16 21 35 22.213  2014 03 16 21 38 44.213 1 BH? 
RSSD IU 2014 03 16 00 06 47.381  2014 03 16 00 10 09.381 1 BH? 
RSSD IU 2014 03 15 09 16 42.907  2014 03 15 09 20 04.907 1 BH? 
RSSD IU 2014 03 02 22 26 59.019  2014 03 02 22 30 21.019 1 BH? 
RSSD IU 2014 03 02 09 48 19.211  2014 03 02 09 51 41.211 1 BH? 
RSSD IU 2014 02 26 21 25 50.323  2014 02 26 21 29 12.323 1 BH? 
RSSD IU 2014 02 18 23 53 14.279  2014 02 18 23 56 36.279 1 BH? 
RSSD IU 2014 02 18 09 41 10.177  2014 02 18 09 44 32.177 1 BH? 
RSSD IU 2014 02 12 12 02 18.396  2014 02 12 12 05 40.396 1 BH? 
RSSD IU 2014 01 29 10 20 12.348  2014 01 29 10 23 34.348 1 BH? 
RSSD IU 2014 01 13 04 12 57.584  2014 01 13 04 16 19.584 1 BH? 
RSSD IU 2014 01 08 04 41 08.342  2014 01 08 04 44 30.342 1 BH? 
RSSD IU 2014 01 07 23 16 59.025  2014 01 07 23 20 21.025 1 BH? 
RSSD IU 2014 01 04 00 30 47.362  2014 01 04 00 34 09.362 1 BH? 
RSSD IU 2013 12 08 17 43 32.253  2013 12 08 17 46 54.253 1 BH? 
RSSD IU 2013 11 25 06 15 07.253  2013 11 25 06 18 29.253 1 BH? 
RSSD IU 2013 11 13 04 11 41.520  2013 11 13 04 15 03.520 1 BH? 
RSSD IU 2013 11 12 07 19 45.080  2013 11 12 07 23 07.080 1 BH? 
RSSD IU 2013 11 02 16 11 06.793  2013 11 02 16 14 28.793 1 BH? 
RSSD IU 2013 10 12 02 24 23.831  2013 10 12 02 27 45.831 1 BH? 
RSSD IU 2013 10 11 09 47 41.308  2013 10 11 09 51 03.308 1 BH? 
RSSD IU 2013 10 01 03 53 53.586  2013 10 01 03 57 15.586 1 BH? 
RSSD IU 2013 09 26 06 55 47.438  2013 09 26 06 59 09.438 1 BH? 
RSSD IU 2013 09 25 17 00 27.366  2013 09 25 17 03 49.366 1 BH? 
RSSD IU 2013 09 15 16 35 03.473  2013 09 15 16 38 25.473 1 BH? 
RSSD IU 2013 09 14 15 56 12.459  2013 09 14 15 59 34.459 1 BH? 
RSSD IU 2013 09 11 12 58 20.532  2013 09 11 13 01 42.532 1 BH? 
RSSD IU 2013 09 07 00 23 01.928  2013 09 07 00 26 23.928 1 BH? 
RSSD IU 2013 09 05 12 40 24.341  2013 09 05 12 43 46.341 1 BH? 
RSSD IU 2013 09 05 05 57 04.894  2013 09 05 06 00 26.894 1 BH? 
RSSD IU 2013 09 05 04 17 38.509  2013 09 05 04 21 00.509 1 BH? 
RSSD IU 2013 09 04 06 40 31.080  2013 09 04 06 43 53.080 1 BH? 
RSSD IU 2013 09 04 06 30 17.403  2013 09 04 06 33 39.403 1 BH? 
RSSD IU 2013 09 04 04 29 55.156  2013 09 04 04 33 17.156 1 BH? 
RSSD IU 2013 09 04 02 45 57.250  2013 09 04 02 49 19.250 1 BH? 
RSSD IU 2013 09 01 00 09 14.837  2013 09 01 00 12 36.837 1 BH? 
RSSD IU 2013 08 31 06 52 06.932  2013 08 31 06 55 28.932 1 BH? 
RSSD IU 2013 08 30 16 38 31.635  2013 08 30 16 41 53.635 1 BH? 
RSSD IU 2013 08 23 08 53 12.760  2013 08 23 08 56 34.760 1 BH? 
RSSD IU 2013 08 13 15 56 21.737  2013 08 13 15 59 43.737 1 BH? 
RSSD IU 2013 08 12 10 04 42.360  2013 08 12 10 08 04.360 1 BH? 
RSSD IU 2013 08 04 16 14 10.049  2013 08 04 16 17 32.049 1 BH? 
RSSD IU 2013 07 17 02 55 44.968  2013 07 17 02 59 06.968 1 BH? 
RSSD IU 2013 07 08 03 02 49.671  2013 07 08 03 06 11.671 1 BH? 
RSSD IU 2013 07 03 03 52 50.719  2013 07 03 03 56 12.719 1 BH? 
RSSD IU 2013 06 24 22 21 18.492  2013 06 24 22 24 40.492 1 BH? 
RSSD IU 2013 06 15 17 45 14.362  2013 06 15 17 48 36.362 1 BH? 
RSSD IU 2013 05 27 09 53 04.154  2013 05 27 09 56 26.154 1 BH? 
RSSD IU 2013 05 24 15 12 11.563  2013 05 24 15 15 33.563 1 BH? 
RSSD IU 2013 05 21 23 20 06.801  2013 05 21 23 23 28.801 1 BH? 
RSSD IU 2013 05 21 05 59 47.371  2013 05 21 06 03 09.371 1 BH? 
RSSD IU 2013 05 21 05 16 03.270  2013 05 21 05 19 25.270 1 BH? 
RSSD IU 2013 05 21 03 24 45.506  2013 05 21 03 28 07.506 1 BH? 
RSSD IU 2013 05 21 03 22 19.764  2013 05 21 03 25 41.764 1 BH? 
RSSD IU 2013 05 21 02 11 33.071  2013 05 21 02 14 55.071 1 BH? 
RSSD IU 2013 05 19 19 00 40.292  2013 05 19 19 04 02.292 1 BH? 
RSSD IU 2013 05 12 07 40 02.353  2013 05 12 07 43 24.353 1 BH? 
RSSD IU 2013 04 30 06 41 32.406  2013 04 30 06 44 54.406 1 BH? 
RSSD IU 2013 04 20 13 29 54.871  2013 04 20 13 33 16.871 1 BH? 
RSSD IU 2013 04 19 20 15 44.606  2013 04 19 20 19 06.606 1 BH? 
RSSD IU 2013 04 19 03 23 51.843  2013 04 19 03 27 13.843 1 BH? 
RSSD IU 2013 03 25 23 11 32.702  2013 03 25 23 14 54.702 1 BH? 
RSSD IU 2013 03 24 04 35 16.980  2013 03 24 04 38 38.980 1 BH? 
RSSD IU 2013 03 13 03 28 12.137  2013 03 13 03 31 34.137 1 BH? 
RSSD IU 2013 03 09 15 13 23.524  2013 03 09 15 16 45.524 1 BH? 
RSSD IU 2013 03 01 13 37 42.897  2013 03 01 13 41 04.897 1 BH? 
RSSD IU 2013 03 01 13 10 43.483  2013 03 01 13 14 05.483 1 BH? 
RSSD IU 2013 02 28 14 22 43.108  2013 02 28 14 26 05.108 1 BH? 
RSSD IU 2013 02 14 13 30 01.685  2013 02 14 13 33 23.685 1 BH? 
RSSD IU 2013 02 09 14 29 53.294  2013 02 09 14 33 15.294 1 BH? 
RSSD IU 2013 02 02 14 36 46.978  2013 02 02 14 40 08.978 1 BH? 
RSSD IU 2012 12 17 18 00 44.628  2012 12 17 18 04 06.628 1 BH? 
RSSD IU 2012 12 17 17 55 31.638  2012 12 17 17 58 53.638 1 BH? 
RSSD IU 2012 12 15 05 04 20.364  2012 12 15 05 07 42.364 1 BH? 
RSSD IU 2012 12 04 01 52 36.067  2012 12 04 01 55 58.067 1 BH? 
RSSD IU 2012 11 28 03 24 56.673  2012 11 28 03 28 18.673 1 BH? 
RSSD IU 2012 11 16 18 29 59.371  2012 11 16 18 33 21.371 1 BH? 
RSSD IU 2012 11 11 22 24 49.497  2012 11 11 22 28 11.497 1 BH? 
RSSD IU 2012 11 10 15 13 54.502  2012 11 10 15 17 16.502 1 BH? 
RSSD IU 2012 11 07 22 52 40.625  2012 11 07 22 56 02.625 1 BH? 
RSSD IU 2012 11 03 13 17 02.801  2012 11 03 13 20 24.801 1 BH? 
RSSD IU 2012 10 24 00 56 55.858  2012 10 24 01 00 17.858 1 BH? 
RSSD IU 2012 10 14 09 59 31.197  2012 10 14 10 02 53.197 1 BH? 
RSSD IU 2012 10 08 02 09 24.969  2012 10 08 02 12 46.969 1 BH? 
RSSD IU 2012 09 30 16 45 14.028  2012 09 30 16 48 36.028 1 BH? 
RSSD IU 2012 09 26 23 53 51.129  2012 09 26 23 57 13.129 1 BH? 
RSSD IU 2012 09 09 05 56 54.175  2012 09 09 06 00 16.175 1 BH? 
RSSD IU 2012 09 06 23 47 13.522  2012 09 06 23 50 35.522 1 BH? 
RSSD IU 2012 08 30 13 57 44.324  2012 08 30 14 01 06.324 1 BH? 
RSSD IU 2012 08 25 14 35 43.352  2012 08 25 14 39 05.352 1 BH? 
RSSD IU 2012 08 10 18 50 05.935  2012 08 10 18 53 27.935 1 BH? 
RSSD IU 2012 08 02 09 54 30.336  2012 08 02 09 57 52.336 1 BH? 
RSSD IU 2012 07 29 12 31 56.749  2012 07 29 12 35 18.749 1 BH? 
RSSD IU 2012 07 29 09 38 37.844  2012 07 29 09 41 59.844 1 BH? 
RSSD IU 2012 07 20 06 50 13.882  2012 07 20 06 53 35.882 1 BH? 
RSSD IU 2012 07 20 06 27 42.939  2012 07 20 06 31 04.939 1 BH? 
RSSD IU 2012 07 12 13 10 18.126  2012 07 12 13 13 40.126 1 BH? 
RSSD IU 2012 07 11 02 49 37.279  2012 07 11 02 52 59.280 1 BH? 
RSSD IU 2012 07 08 11 51 20.662  2012 07 08 11 54 42.662 1 BH? 
RSSD IU 2012 07 02 23 49 01.045  2012 07 02 23 52 23.045 1 BH? 
RSSD IU 2012 06 27 06 40 44.485  2012 06 27 06 44 06.485 1 BH? 
RSSD IU 2012 06 24 03 30 36.971  2012 06 24 03 33 58.971 1 BH? 
RSSD IU 2012 06 19 21 11 46.384  2012 06 19 21 15 08.384 1 BH? 
RSSD IU 2012 06 19 16 11 38.733  2012 06 19 16 15 00.733 1 BH? 
RSSD IU 2012 06 07 16 20 59.449  2012 06 07 16 24 21.449 1 BH? 
RSSD IU 2012 06 04 03 28 09.547  2012 06 04 03 31 31.547 1 BH? 
RSSD IU 2012 06 04 00 58 01.596  2012 06 04 01 01 23.596 1 BH? 
RSSD IU 2012 05 29 07 19 31.598  2012 05 29 07 22 53.598 1 BH? 
RSSD IU 2012 05 29 02 56 13.006  2012 05 29 02 59 35.006 1 BH? 
RSSD IU 2012 05 24 23 02 59.069  2012 05 24 23 06 21.069 1 BH? 
RSSD IU 2012 05 20 02 23 20.766  2012 05 20 02 26 42.766 1 BH? 
RSSD IU 2012 05 14 10 18 53.533  2012 05 14 10 22 15.534 1 BH? 
RSSD IU 2012 05 10 02 33 14.679  2012 05 10 02 36 36.679 1 BH? 
RSSD IU 2012 05 01 22 53 14.467  2012 05 01 22 56 36.467 1 BH? 
RSSD IU 2012 04 23 22 57 53.228  2012 04 23 23 01 15.228 1 BH? 
RSSD IU 2012 03 26 18 23 22.762  2012 03 26 18 26 44.762 1 BH? 
RSSD IU 2012 03 14 09 28 11.225  2012 03 14 09 31 33.225 1 BH? 
RSSD IU 2012 02 13 11 06 51.836  2012 02 13 11 10 13.836 1 BH? 
RSSD IU 2012 01 30 05 28 20.467  2012 01 30 05 31 42.467 1 BH? 
RSSD IU 2012 01 21 18 56 38.960  2012 01 21 19 00 00.960 1 BH? 
RSSD IU 2011 12 09 20 00 33.715  2011 12 09 20 03 55.715 1 BH? 
RSSD IU 2011 11 22 19 05 08.462  2011 11 22 19 08 30.462 1 BH? 
RSSD IU 2011 11 18 06 15 27.552  2011 11 18 06 18 49.552 1 BH? 
RSSD IU 2011 11 17 13 40 48.312  2011 11 17 13 44 10.312 1 BH? 
RSSD IU 2011 11 17 02 11 27.332  2011 11 17 02 14 49.332 1 BH? 
RSSD IU 2011 11 07 22 45 54.699  2011 11 07 22 49 16.699 1 BH? 
RSSD IU 2011 11 06 08 19 45.057  2011 11 06 08 23 07.057 1 BH? 
RSSD IU 2011 11 05 07 33 22.211  2011 11 05 07 36 44.211 1 BH? 
RSSD IU 2011 10 31 07 30 18.511  2011 10 31 07 33 40.511 1 BH? 
RSSD IU 2011 10 28 19 11 58.867  2011 10 28 19 15 20.867 1 BH? 
RSSD IU 2011 10 25 03 37 44.703  2011 10 25 03 41 06.703 1 BH? 
RSSD IU 2011 10 21 08 21 27.907  2011 10 21 08 24 49.907 1 BH? 
RSSD IU 2011 10 14 06 29 37.878  2011 10 14 06 32 59.878 1 BH? 
RSSD IU 2011 09 23 19 18 00.280  2011 09 23 19 21 22.280 1 BH? 
RSSD IU 2011 09 20 02 54 28.772  2011 09 20 02 57 50.772 1 BH? 
RSSD IU 2011 09 19 08 27 12.603  2011 09 19 08 30 34.603 1 BH? 
RSSD IU 2011 09 14 18 25 06.851  2011 09 14 18 28 28.851 1 BH? 
RSSD IU 2011 09 05 11 34 05.679  2011 09 05 11 37 27.679 1 BH? 
RSSD IU 2011 09 02 11 08 49.081  2011 09 02 11 12 11.081 1 BH? 
RSSD IU 2011 08 24 18 01 59.335  2011 08 24 18 05 21.335 1 BH? 
RSSD IU 2011 08 15 03 07 38.163  2011 08 15 03 11 00.163 1 BH? 
RSSD IU 2011 08 13 07 42 42.099  2011 08 13 07 46 04.099 1 BH? 
RSSD IU 2011 08 04 14 09 01.246  2011 08 04 14 12 23.246 1 BH? 
RSSD IU 2011 08 01 18 33 00.143  2011 08 01 18 36 22.143 1 BH? 
RSSD IU 2011 07 27 23 17 29.707  2011 07 27 23 20 51.707 1 BH? 
RSSD IU 2011 07 23 06 39 50.230  2011 07 23 06 43 12.230 1 BH? 
RSSD IU 2011 07 18 22 52 59.360  2011 07 18 22 56 21.360 1 BH? 
RSSD IU 2011 07 16 20 10 29.477  2011 07 16 20 13 51.477 1 BH? 
RSSD IU 2011 07 03 06 45 07.429  2011 07 03 06 48 29.429 1 BH? 
RSSD IU 2011 06 28 07 01 28.541  2011 06 28 07 04 50.541 1 BH? 
RSSD IU 2011 06 27 23 40 30.403  2011 06 27 23 43 52.403 1 BH? 
RSSD IU 2011 06 20 16 54 58.941  2011 06 20 16 58 20.941 1 BH? 
RSSD IU 2011 06 08 03 24 23.491  2011 06 08 03 27 45.491 1 BH? 
RSSD IU 2011 05 13 22 59 13.393  2011 05 13 23 02 35.393 1 BH? 
RSSD IU 2011 05 05 17 08 45.609  2011 05 05 17 12 07.609 1 BH? 
RSSD IU 2011 05 05 14 24 10.616  2011 05 05 14 27 32.616 1 BH? 
RSSD IU 2011 04 30 08 31 43.723  2011 04 30 08 35 05.723 1 BH? 
RSSD IU 2011 04 28 13 18 07.246  2011 04 28 13 21 29.246 1 BH? 
RSSD IU 2011 04 14 21 01 12.049  2011 04 14 21 04 34.049 1 BH? 
RSSD IU 2011 04 07 20 51 36.316  2011 04 07 20 54 58.316 1 BH? 
RSSD IU 2011 04 02 11 18 16.540  2011 04 02 11 21 38.540 1 BH? 
RSSD IU 2011 03 27 06 30 36.527  2011 03 27 06 33 58.527 1 BH? 
RSSD IU 2011 03 06 12 50 16.834  2011 03 06 12 53 38.834 1 BH? 
RSSD IU 2011 03 02 19 03 21.733  2011 03 02 19 06 43.733 1 BH? 
RSSD IU 2011 03 01 01 13 16.494  2011 03 01 01 16 38.494 1 BH? 
RSSD IU 2011 02 20 21 59 13.001  2011 02 20 22 02 35.001 1 BH? 
RSSD IU 2011 02 02 00 49 26.701  2011 02 02 00 52 48.701 1 BH? 
RSSD IU 2011 01 29 07 10 06.832  2011 01 29 07 13 28.832 1 BH? 
RSSD IU 2010 12 23 14 15 42.507  2010 12 23 14 19 04.507 1 BH? 
RSSD IU 2010 12 20 17 31 38.148  2010 12 20 17 35 00.148 1 BH? 
RSSD IU 2010 12 20 15 25 37.052  2010 12 20 15 28 59.052 1 BH? 
RSSD IU 2010 12 07 18 32 57.937  2010 12 07 18 36 19.937 1 BH? 
RSSD IU 2010 11 30 18 12 13.167  2010 11 30 18 15 35.167 1 BH? 
RSSD IU 2010 11 27 03 01 56.042  2010 11 27 03 05 18.042 1 BH? 
RSSD IU 2010 11 11 00 01 11.023  2010 11 11 00 04 33.023 1 BH? 
RSSD IU 2010 10 22 19 50 25.604  2010 10 22 19 53 47.604 1 BH? 
RSSD IU 2010 10 09 02 05 17.059  2010 10 09 02 08 39.059 1 BH? 
RSSD IU 2010 10 08 04 32 46.549  2010 10 08 04 36 08.549 1 BH? 
RSSD IU 2010 10 08 04 02 40.341  2010 10 08 04 06 02.341 1 BH? 
RSSD IU 2010 10 08 03 39 46.700  2010 10 08 03 43 08.700 1 BH? 
RSSD IU 2010 09 26 18 41 27.300  2010 09 26 18 44 49.300 1 BH? 
RSSD IU 2010 09 22 08 17 21.240  2010 09 22 08 20 43.240 1 BH? 
RSSD IU 2010 09 13 07 33 10.968  2010 09 13 07 36 32.968 1 BH? 
RSSD IU 2010 09 03 11 29 40.445  2010 09 03 11 33 02.445 1 BH? 
RSSD IU 2010 08 12 12 08 19.659  2010 08 12 12 11 41.659 1 BH? 
RSSD IU 2010 08 05 00 06 02.588  2010 08 05 00 09 24.588 1 BH? 
RSSD IU 2010 08 04 13 12 21.893  2010 08 04 13 15 43.893 1 BH? 
RSSD IU 2010 07 30 04 12 43.595  2010 07 30 04 16 05.595 1 BH? 
RSSD IU 2010 07 19 08 33 09.526  2010 07 19 08 36 31.526 1 BH? 
RSSD IU 2010 07 18 20 00 43.604  2010 07 18 20 04 05.604 1 BH? 
RSSD IU 2010 07 18 06 09 25.710  2010 07 18 06 12 47.710 1 BH? 
RSSD IU 2010 07 12 00 30 26.877  2010 07 12 00 33 48.877 1 BH? 
RSSD IU 2010 06 18 02 41 45.484  2010 06 18 02 45 07.484 1 BH? 
RSSD IU 2010 06 01 03 37 55.070  2010 06 01 03 41 17.070 1 BH? 
RSSD IU 2010 05 25 10 23 52.285  2010 05 25 10 27 14.285 1 BH? 
RSSD IU 2010 05 24 16 33 26.549  2010 05 24 16 36 48.549 1 BH? 
RSSD IU 2010 05 23 23 04 02.734  2010 05 23 23 07 24.734 1 BH? 
RSSD IU 2010 05 20 22 28 10.079  2010 05 20 22 31 32.079 1 BH? 
RSSD IU 2010 05 19 04 30 48.441  2010 05 19 04 34 10.441 1 BH? 
RSSD IU 2010 05 16 05 27 53.489  2010 05 16 05 31 15.489 1 BH? 
RSSD IU 2010 05 06 03 01 13.686  2010 05 06 03 04 35.686 1 BH? 
RSSD IU 2010 04 30 23 29 42.848  2010 04 30 23 33 04.848 1 BH? 
RSSD IU 2010 04 30 23 24 59.730  2010 04 30 23 28 21.730 1 BH? 
RSSD IU 2010 04 16 01 56 33.151  2010 04 16 01 59 55.151 1 BH? 
RSSD IU 2010 04 15 21 08 44.882  2010 04 15 21 12 06.882 1 BH? 
RSSD IU 2010 04 11 22 25 23.184  2010 04 11 22 28 45.184 1 BH? 
RSSD IU 2010 04 05 22 55 38.453  2010 04 05 22 59 00.453 1 BH? 
RSSD IU 2010 03 20 18 18 37.607  2010 03 20 18 21 59.607 1 BH? 
RSSD IU 2010 03 16 10 02 34.002  2010 03 16 10 05 56.002 1 BH? 
RSSD IU 2010 03 09 14 20 07.289  2010 03 09 14 23 29.289 1 BH? 
RSSD IU 2010 03 07 07 22 18.151  2010 03 07 07 25 40.151 1 BH? 
RSSD IU 2010 03 06 13 49 58.788  2010 03 06 13 53 20.788 1 BH? 
RSSD IU 2010 03 04 22 58 31.944  2010 03 04 23 01 53.944 1 BH? 
RSSD IU 2010 02 27 20 11 27.000  2010 02 27 20 14 49.000 1 BH? 
RSSD IU 2010 02 25 03 26 02.714  2010 02 25 03 29 24.714 1 BH? 
RSSD IU 2010 02 06 05 02 54.915  2010 02 06 05 06 16.915 1 BH? 
RSSD IU 2010 01 25 23 08 45.377  2010 01 25 23 12 07.378 1 BH? 
RSSD IU 2010 01 20 11 14 53.043  2010 01 20 11 18 15.043 1 BH? 
RSSD IU 2010 01 19 14 33 32.166  2010 01 19 14 36 54.166 1 BH? 
RSSD IU 2010 01 18 15 50 23.792  2010 01 18 15 53 45.792 1 BH? 
RSSD IU 2010 01 13 05 14 06.682  2010 01 13 05 17 28.682 1 BH? 
RSSD IU 2010 01 12 22 23 15.726  2010 01 12 22 26 37.726 1 BH? 
RSSD IU 2010 01 12 22 11 52.299  2010 01 12 22 15 14.299 1 BH? 
RSSD IU 2010 01 12 22 04 20.933  2010 01 12 22 07 42.933 1 BH? 
RSSD IU 2010 01 03 20 55 06.384  2010 01 03 20 58 28.384 1 BH? 
RSSD IU 2009 12 17 20 15 29.021  2009 12 17 20 18 51.021 1 BH? 
RSSD IU 2009 12 10 02 46 12.792  2009 12 10 02 49 34.792 1 BH? 
RSSD IU 2009 11 26 19 18 14.320  2009 11 26 19 21 36.320 1 BH? 
RSSD IU 2009 11 13 07 44 28.905  2009 11 13 07 47 50.905 1 BH? 
RSSD IU 2009 11 13 03 24 41.018  2009 11 13 03 28 03.018 1 BH? 
RSSD IU 2009 11 04 18 56 44.531  2009 11 04 19 00 06.531 1 BH? 
RSSD IU 2009 10 22 01 04 03.611  2009 10 22 01 07 25.611 1 BH? 
RSSD IU 2009 10 15 18 00 34.103  2009 10 15 18 03 56.103 1 BH? 
RSSD IU 2009 10 13 20 34 13.008  2009 10 13 20 37 35.008 1 BH? 
RSSD IU 2009 10 13 05 49 39.574  2009 10 13 05 53 01.574 1 BH? 
RSSD IU 2009 10 10 21 42 11.237  2009 10 10 21 45 33.237 1 BH? 
RSSD IU 2009 10 07 21 07 07.455  2009 10 07 21 10 29.455 1 BH? 
RSSD IU 2009 10 07 05 52 38.521  2009 10 07 05 56 00.521 1 BH? 
RSSD IU 2009 10 06 02 13 43.765  2009 10 06 02 17 05.765 1 BH? 
RSSD IU 2009 09 30 19 20 41.717  2009 09 30 19 24 03.717 1 BH? 
RSSD IU 2009 09 17 23 41 03.312  2009 09 17 23 44 25.312 1 BH? 
RSSD IU 2009 09 12 20 19 46.655  2009 09 12 20 23 08.655 1 BH? 
RSSD IU 2009 09 10 03 04 23.198  2009 09 10 03 07 45.198 1 BH? 
RSSD IU 2009 09 05 04 16 03.432  2009 09 05 04 19 25.432 1 BH? 
RSSD IU 2009 08 20 06 50 07.328  2009 08 20 06 53 29.328 1 BH? 
RSSD IU 2009 08 13 09 49 28.250  2009 08 13 09 52 50.250 1 BH? 
RSSD IU 2009 07 14 18 57 02.924  2009 07 14 19 00 24.924 1 BH? 
RSSD IU 2009 07 12 06 30 10.537  2009 07 12 06 33 32.537 1 BH? 
RSSD IU 2009 07 07 19 22 13.575  2009 07 07 19 25 35.575 1 BH? 
RSSD IU 2009 07 06 15 07 52.040  2009 07 06 15 11 14.040 1 BH? 
RSSD IU 2009 07 04 07 01 37.479  2009 07 04 07 04 59.479 1 BH? 
RSSD IU 2009 06 22 20 09 17.644  2009 06 22 20 12 39.644 1 BH? 
RSSD IU 2009 06 06 20 48 04.910  2009 06 06 20 51 26.910 1 BH? 
RSSD IU 2009 06 05 03 50 05.582  2009 06 05 03 53 27.582 1 BH? 
RSSD IU 2009 05 18 14 18 48.748  2009 05 18 14 22 10.748 1 BH? 
RSSD IU 2009 05 16 18 32 36.483  2009 05 16 18 35 58.483 1 BH? 
RSSD IU 2009 05 10 01 29 34.099  2009 05 10 01 32 56.099 1 BH? 
RSSD IU 2009 05 03 16 31 16.313  2009 05 03 16 34 38.313 1 BH? 
RSSD IU 2009 04 21 05 42 58.879  2009 04 21 05 46 20.879 1 BH? 
RSSD IU 2009 04 18 19 36 08.907  2009 04 18 19 39 30.907 1 BH? 
RSSD IU 2009 04 17 02 26 54.478  2009 04 17 02 30 16.478 1 BH? 
RSSD IU 2009 04 07 04 41 42.403  2009 04 07 04 45 04.403 1 BH? 
RSSD IU 2009 03 30 12 25 48.345  2009 03 30 12 29 10.345 1 BH? 
RSSD IU 2009 03 30 12 21 21.717  2009 03 30 12 24 43.717 1 BH? 
RSSD IU 2009 03 30 07 23 12.468  2009 03 30 07 26 34.468 1 BH? 
RSSD IU 2009 03 26 17 50 33.248  2009 03 26 17 53 55.248 1 BH? 
RSSD IU 2009 03 15 08 36 23.745  2009 03 15 08 39 45.745 1 BH? 
RSSD IU 2009 03 15 03 27 08.264  2009 03 15 03 30 30.264 1 BH? 
RSSD IU 2009 03 12 23 36 17.268  2009 03 12 23 39 39.268 1 BH? 
RSSD IU 2009 03 11 21 15 57.245  2009 03 11 21 19 19.245 1 BH? 
RSSD IU 2009 03 11 17 36 34.570  2009 03 11 17 39 56.570 1 BH? 
RSSD IU 2009 03 06 11 04 34.540  2009 03 06 11 07 56.540 1 BH? 
RSSD IU 2009 02 15 10 20 06.467  2009 02 15 10 23 28.467 1 BH? 
RSSD IU 2009 02 09 14 24 31.174  2009 02 09 14 27 53.174 1 BH? 
RSSD IU 2009 02 02 18 10 33.566  2009 02 02 18 13 55.566 1 BH? 
RSSD IU 2009 01 26 19 24 41.537  2009 01 26 19 28 03.537 1 BH? 
RSSD IU 2009 01 24 18 19 46.469  2009 01 24 18 23 08.469 1 BH? 
RSSD IU 2009 01 08 19 33 04.514  2009 01 08 19 36 26.514 1 BH? 
RSSD IU 2008 12 19 08 46 39.034  2008 12 19 08 50 01.034 1 BH? 
RSSD IU 2008 11 19 06 23 18.409  2008 11 19 06 26 40.409 1 BH? 
RSSD IU 2008 11 17 13 06 19.033  2008 11 17 13 09 41.033 1 BH? 
RSSD IU 2008 11 15 23 13 29.690  2008 11 15 23 16 51.690 1 BH? 
RSSD IU 2008 11 02 14 02 02.590  2008 11 02 14 05 24.590 1 BH? 
RSSD IU 2008 10 30 15 30 53.032  2008 10 30 15 34 15.032 1 BH? 
RSSD IU 2008 10 29 01 51 08.872  2008 10 29 01 54 30.872 1 BH? 
RSSD IU 2008 10 16 19 53 21.179  2008 10 16 19 56 43.179 1 BH? 
RSSD IU 2008 10 16 19 51 04.352  2008 10 16 19 54 26.352 1 BH? 
RSSD IU 2008 10 12 21 13 56.094  2008 10 12 21 17 18.094 1 BH? 
RSSD IU 2008 10 11 10 52 26.476  2008 10 11 10 55 48.476 1 BH? 
RSSD IU 2008 10 07 10 11 47.393  2008 10 07 10 15 09.393 1 BH? 
RSSD IU 2008 10 03 05 44 46.627  2008 10 03 05 48 08.627 1 BH? 
RSSD IU 2008 09 18 12 15 26.927  2008 09 18 12 18 48.927 1 BH? 
RSSD IU 2008 09 18 01 55 11.304  2008 09 18 01 58 33.304 1 BH? 
RSSD IU 2008 09 13 09 45 14.878  2008 09 13 09 48 36.878 1 BH? 
RSSD IU 2008 09 12 23 23 31.328  2008 09 12 23 26 53.328 1 BH? 
RSSD IU 2008 09 11 00 40 21.198  2008 09 11 00 43 43.198 1 BH? 
RSSD IU 2008 09 10 16 31 04.890  2008 09 10 16 34 26.890 1 BH? 
RSSD IU 2008 09 10 13 26 19.219  2008 09 10 13 29 41.219 1 BH? 
RSSD IU 2008 08 26 21 16 25.065  2008 08 26 21 19 47.065 1 BH? 
RSSD IU 2008 08 19 11 17 17.989  2008 08 19 11 20 39.989 1 BH? 
RSSD IU 2008 08 13 18 45 37.108  2008 08 13 18 48 59.108 1 BH? 
RSSD IU 2008 08 13 01 48 58.565  2008 08 13 01 52 20.565 1 BH? 
RSSD IU 2008 08 07 18 43 38.246  2008 08 07 18 47 00.246 1 BH? 
RSSD IU 2008 08 04 04 59 16.079  2008 08 04 05 02 38.079 1 BH? 
RSSD IU 2008 07 25 00 43 42.102  2008 07 25 00 47 04.102 1 BH? 
RSSD IU 2008 07 24 02 00 10.859  2008 07 24 02 03 32.859 1 BH? 
RSSD IU 2008 07 08 09 30 49.754  2008 07 08 09 34 11.754 1 BH? 
RSSD IU 2008 07 06 09 26 41.477  2008 07 06 09 30 03.477 1 BH? 
RSSD IU 2008 07 06 01 18 30.091  2008 07 06 01 21 52.091 1 BH? 
RSSD IU 2008 07 03 06 49 18.000  2008 07 03 06 52 40.000 1 BH? 
RSSD IU 2008 06 23 00 12 40.792  2008 06 23 00 16 02.792 1 BH? 
RSSD IU 2008 06 17 17 54 57.469  2008 06 17 17 58 19.469 1 BH? 
RSSD IU 2008 05 31 23 35 25.276  2008 05 31 23 38 47.276 1 BH? 
RSSD IU 2008 05 29 16 00 03.505  2008 05 29 16 03 25.505 1 BH? 
RSSD IU 2008 05 27 11 37 52.665  2008 05 27 11 41 14.665 1 BH? 
RSSD IU 2008 05 25 19 28 40.728  2008 05 25 19 32 02.728 1 BH? 
RSSD IU 2008 05 24 19 34 38.278  2008 05 24 19 38 00.278 1 BH? 
RSSD IU 2008 05 23 19 54 17.018  2008 05 23 19 57 39.018 1 BH? 
RSSD IU 2008 05 20 14 07 56.674  2008 05 20 14 11 18.674 1 BH? 
RSSD IU 2008 05 02 01 47 28.691  2008 05 02 01 50 50.691 1 BH? 
RSSD IU 2008 04 16 06 08 22.164  2008 04 16 06 11 44.164 1 BH? 
RSSD IU 2008 04 15 23 13 56.651  2008 04 15 23 17 18.651 1 BH? 
RSSD IU 2008 04 15 03 13 06.548  2008 04 15 03 16 28.548 1 BH? 
RSSD IU 2008 04 12 01 05 14.615  2008 04 12 01 08 36.615 1 BH? 
RSSD IU 2008 03 24 20 57 47.077  2008 03 24 21 01 09.077 1 BH? 
RSSD IU 2008 03 22 21 37 46.728  2008 03 22 21 41 08.728 1 BH? 
RSSD IU 2008 03 03 09 49 03.698  2008 03 03 09 52 25.698 1 BH? 
RSSD IU 2008 03 02 05 25 46.831  2008 03 02 05 29 08.831 1 BH? 
RSSD IU 2008 02 21 03 01 33.842  2008 02 21 03 04 55.842 1 BH? 
RSSD IU 2008 02 16 15 04 04.807  2008 02 16 15 07 26.807 1 BH? 
RSSD IU 2008 02 08 09 55 28.144  2008 02 08 09 58 50.144 1 BH? 
RSSD IU 2008 02 04 17 20 22.341  2008 02 04 17 23 44.341 1 BH? 
RSSD IU 2008 01 24 04 24 37.554  2008 01 24 04 27 59.554 1 BH? 
RSSD IU 2008 01 05 07 48 46.703  2008 01 05 07 52 08.703 1 BH? 
RSSD IU 2007 12 29 23 10 31.976  2007 12 29 23 13 53.976 1 BH? 
RSSD IU 2007 12 26 22 17 20.634  2007 12 26 22 20 42.634 1 BH? 
RSSD IU 2007 12 25 16 39 26.378  2007 12 25 16 42 48.378 1 BH? 
RSSD IU 2007 12 21 07 38 35.454  2007 12 21 07 41 57.454 1 BH? 
RSSD IU 2007 12 21 07 37 36.695  2007 12 21 07 40 58.695 1 BH? 
RSSD IU 2007 12 19 09 44 32.722  2007 12 19 09 47 54.722 1 BH? 
RSSD IU 2007 12 16 08 28 35.381  2007 12 16 08 31 57.381 1 BH? 
RSSD IU 2007 12 13 07 43 04.972  2007 12 13 07 46 26.972 1 BH? 
RSSD IU 2007 12 13 05 39 46.191  2007 12 13 05 43 08.191 1 BH? 
RSSD IU 2007 12 06 17 27 01.022  2007 12 06 17 30 23.022 1 BH? 
RSSD IU 2007 11 26 17 50 55.428  2007 11 26 17 54 17.428 1 BH? 
RSSD IU 2007 11 20 18 15 15.273  2007 11 20 18 18 37.273 1 BH? 
RSSD IU 2007 11 19 23 49 50.220  2007 11 19 23 53 12.220 1 BH? 
RSSD IU 2007 11 18 12 35 02.107  2007 11 18 12 38 24.107 1 BH? 
RSSD IU 2007 11 17 18 13 56.775  2007 11 17 18 17 18.775 1 BH? 
RSSD IU 2007 11 16 03 27 31.068  2007 11 16 03 30 53.068 1 BH? 
RSSD IU 2007 11 15 15 25 19.259  2007 11 15 15 28 41.259 1 BH? 
RSSD IU 2007 11 15 15 22 29.050  2007 11 15 15 25 51.050 1 BH? 
RSSD IU 2007 11 14 18 03 26.222  2007 11 14 18 06 48.222 1 BH? 
RSSD IU 2007 10 31 13 58 15.822  2007 10 31 14 01 37.822 1 BH? 
RSSD IU 2007 10 25 14 08 02.134  2007 10 25 14 11 24.134 1 BH? 
RSSD IU 2007 10 18 16 27 34.673  2007 10 18 16 30 56.673 1 BH? 
RSSD IU 2007 10 08 17 29 32.741  2007 10 08 17 32 54.741 1 BH? 
RSSD IU 2007 10 02 18 11 29.100  2007 10 02 18 14 51.100 1 BH? 
RSSD IU 2007 09 26 04 58 05.368  2007 09 26 05 01 27.368 1 BH? 
RSSD IU 2007 09 10 02 02 54.227  2007 09 10 02 06 16.227 1 BH? 
RSSD IU 2007 09 03 16 33 02.451  2007 09 03 16 36 24.451 1 BH? 
RSSD IU 2007 08 20 23 00 29.395  2007 08 20 23 03 51.395 1 BH? 
RSSD IU 2007 08 19 01 39 53.911  2007 08 19 01 43 15.911 1 BH? 
RSSD IU 2007 08 18 03 09 49.734  2007 08 18 03 13 11.734 1 BH? 
RSSD IU 2007 08 17 13 35 22.530  2007 08 17 13 38 44.530 1 BH? 
RSSD IU 2007 08 16 11 53 01.301  2007 08 16 11 56 23.301 1 BH? 
RSSD IU 2007 08 16 05 34 18.805  2007 08 16 05 37 40.805 1 BH? 
RSSD IU 2007 08 16 04 17 01.282  2007 08 16 04 20 23.282 1 BH? 
RSSD IU 2007 08 16 01 19 31.069  2007 08 16 01 22 53.069 1 BH? 
RSSD IU 2007 08 16 00 36 32.259  2007 08 16 00 39 54.259 1 BH? 
RSSD IU 2007 08 15 20 36 10.976  2007 08 15 20 39 32.976 1 BH? 
RSSD IU 2007 08 04 14 39 01.272  2007 08 04 14 42 23.272 1 BH? 
RSSD IU 2007 08 02 05 41 25.872  2007 08 02 05 44 47.872 1 BH? 
RSSD IU 2007 08 02 03 35 52.153  2007 08 02 03 39 14.153 1 BH? 
RSSD IU 2007 08 02 02 56 47.298  2007 08 02 03 00 09.298 1 BH? 
RSSD IU 2007 07 29 05 09 51.573  2007 07 29 05 13 13.573 1 BH? 
RSSD IU 2007 07 23 06 17 50.609  2007 07 23 06 21 12.609 1 BH? 
RSSD IU 2007 07 21 13 41 56.841  2007 07 21 13 45 18.841 1 BH? 
RSSD IU 2007 07 15 13 38 44.964  2007 07 15 13 42 06.964 1 BH? 
RSSD IU 2007 07 15 13 20 29.996  2007 07 15 13 23 51.996 1 BH? 
RSSD IU 2007 07 13 22 08 18.020  2007 07 13 22 11 40.020 1 BH? 
RSSD IU 2007 07 12 05 39 41.657  2007 07 12 05 43 03.657 1 BH? 
RSSD IU 2007 07 01 04 30 59.093  2007 07 01 04 34 21.093 1 BH? 
RSSD IU 2007 06 28 09 02 32.147  2007 06 28 09 05 54.147 1 BH? 
RSSD IU 2007 06 13 19 39 40.523  2007 06 13 19 43 02.523 1 BH? 
RSSD IU 2007 06 08 13 41 55.203  2007 06 08 13 45 17.203 1 BH? 
RSSD IU 2007 05 30 20 38 44.071  2007 05 30 20 42 06.071 1 BH? 
RSSD IU 2007 05 23 04 55 25.995  2007 05 23 04 58 47.995 1 BH? 
RSSD IU 2007 04 29 12 55 46.376  2007 04 29 12 59 08.376 1 BH? 
RSSD IU 2007 04 09 10 35 36.810  2007 04 09 10 38 58.810 1 BH? 
RSSD IU 2007 04 07 07 25 42.330  2007 04 07 07 29 04.330 1 BH? 
RSSD IU 2007 04 05 04 13 06.098  2007 04 05 04 16 28.098 1 BH? 
RSSD IU 2007 03 18 02 24 25.447  2007 03 18 02 27 47.447 1 BH? 
RSSD IU 2007 03 17 22 56 30.470  2007 03 17 22 59 52.470 1 BH? 
RSSD IU 2007 03 11 07 28 12.275  2007 03 11 07 31 34.275 1 BH? 
RSSD IU 2007 03 10 21 28 52.665  2007 03 10 21 32 14.665 1 BH? 
RSSD IU 2007 03 10 17 18 51.213  2007 03 10 17 22 13.213 1 BH? 
RSSD IU 2007 03 01 23 26 21.577  2007 03 01 23 29 43.577 1 BH? 
RSSD IU 2007 02 24 02 52 00.013  2007 02 24 02 55 22.013 1 BH? 
RSSD IU 2007 02 18 21 50 13.067  2007 02 18 21 53 35.067 1 BH? 
RSSD IU 2007 02 14 01 48 36.084  2007 02 14 01 51 58.084 1 BH? 
RSSD IU 2007 02 12 10 53 41.247  2007 02 12 10 57 03.247 1 BH? 
RSSD IU 2007 02 04 21 07 07.701  2007 02 04 21 10 29.701 1 BH? 
RSSD IU 2007 01 13 17 54 45.340  2007 01 13 17 58 07.340 1 BH? 
RSSD IU 2007 01 13 09 36 39.261  2007 01 13 09 40 01.261 1 BH? 
RSSD IU 2007 01 13 04 47 31.669  2007 01 13 04 50 53.669 1 BH? 
RSSD IU 2007 01 05 17 02 56.043  2007 01 05 17 06 18.043 1 BH? 
RSSD IU 2006 12 26 15 37 21.552  2006 12 26 15 40 43.552 1 BH? 
RSSD IU 2006 12 09 15 06 11.695  2006 12 09 15 09 33.695 1 BH? 
RSSD IU 2006 12 07 19 28 17.589  2006 12 07 19 31 39.589 1 BH? 
RSSD IU 2006 12 03 21 02 03.980  2006 12 03 21 05 25.980 1 BH? 
RSSD IU 2006 11 27 17 49 32.585  2006 11 27 17 52 54.585 1 BH? 
RSSD IU 2006 11 19 19 11 40.909  2006 11 19 19 15 02.909 1 BH? 
RSSD IU 2006 11 16 06 38 15.333  2006 11 16 06 41 37.333 1 BH? 
RSSD IU 2006 11 15 21 43 15.369  2006 11 15 21 46 37.369 1 BH? 
RSSD IU 2006 11 15 21 40 10.285  2006 11 15 21 43 32.285 1 BH? 
RSSD IU 2006 11 15 19 43 12.964  2006 11 15 19 46 34.964 1 BH? 
RSSD IU 2006 11 15 12 44 04.115  2006 11 15 12 47 26.115 1 BH? 
RSSD IU 2006 11 15 12 34 38.082  2006 11 15 12 38 00.082 1 BH? 
RSSD IU 2006 11 15 12 33 53.978  2006 11 15 12 37 15.978 1 BH? 
RSSD IU 2006 11 15 11 58 48.693  2006 11 15 12 02 10.693 1 BH? 
RSSD IU 2006 11 15 11 52 45.854  2006 11 15 11 56 07.854 1 BH? 
RSSD IU 2006 11 15 11 47 17.957  2006 11 15 11 50 39.957 1 BH? 
RSSD IU 2006 11 15 11 46 38.312  2006 11 15 11 50 00.312 1 BH? 
RSSD IU 2006 11 15 11 43 05.633  2006 11 15 11 46 27.633 1 BH? 
RSSD IU 2006 11 14 22 41 29.576  2006 11 14 22 44 51.576 1 BH? 
RSSD IU 2006 11 12 21 45 16.963  2006 11 12 21 48 38.963 1 BH? 
RSSD IU 2006 10 26 23 11 40.863  2006 10 26 23 15 02.863 1 BH? 
RSSD IU 2006 10 23 21 19 26.364  2006 10 23 21 22 48.364 1 BH? 
RSSD IU 2006 10 20 11 06 05.892  2006 10 20 11 09 27.892 1 BH? 
RSSD IU 2006 10 18 21 28 40.252  2006 10 18 21 32 02.252 1 BH? 
RSSD IU 2006 10 17 04 21 25.795  2006 10 17 04 24 47.795 1 BH? 
RSSD IU 2006 10 15 17 28 24.331  2006 10 15 17 31 46.331 1 BH? 
RSSD IU 2006 10 15 17 22 02.528  2006 10 15 17 25 24.528 1 BH? 
RSSD IU 2006 10 13 14 05 45.045  2006 10 13 14 09 07.045 1 BH? 
RSSD IU 2006 10 11 06 11 48.285  2006 10 11 06 15 10.285 1 BH? 
RSSD IU 2006 10 01 09 24 02.245  2006 10 01 09 27 24.245 1 BH? 
RSSD IU 2006 09 30 18 14 20.580  2006 09 30 18 17 42.580 1 BH? 
RSSD IU 2006 09 30 18 08 25.770  2006 09 30 18 11 47.770 1 BH? 
RSSD IU 2006 09 30 16 44 30.406  2006 09 30 16 47 52.406 1 BH? 
RSSD IU 2006 09 29 13 22 31.019  2006 09 29 13 25 53.019 1 BH? 
RSSD IU 2006 09 28 01 54 48.909  2006 09 28 01 58 10.909 1 BH? 
RSSD IU 2006 09 18 03 59 14.855  2006 09 18 04 02 36.855 1 BH? 
RSSD IU 2006 09 01 12 16 17.940  2006 09 01 12 19 39.940 1 BH? 
RSSD IU 2006 09 01 10 41 36.571  2006 09 01 10 44 58.571 1 BH? 
RSSD IU 2006 08 27 00 00 20.533  2006 08 27 00 03 42.533 1 BH? 
RSSD IU 2006 08 26 23 54 44.876  2006 08 26 23 58 06.876 1 BH? 
RSSD IU 2006 08 24 22 07 27.587  2006 08 24 22 10 49.587 1 BH? 
RSSD IU 2006 08 20 03 18 12.367  2006 08 20 03 21 34.367 1 BH? 
RSSD IU 2006 08 17 15 39 42.037  2006 08 17 15 43 04.037 1 BH? 
RSSD IU 2006 08 17 11 27 24.896  2006 08 17 11 30 46.896 1 BH? 
RSSD IU 2006 08 15 12 40 34.047  2006 08 15 12 43 56.047 1 BH? 
RSSD IU 2006 07 08 20 54 08.498  2006 07 08 20 57 30.498 1 BH? 
RSSD IU 2006 07 02 04 08 30.637  2006 07 02 04 11 52.637 1 BH? 
RSSD IU 2006 06 27 13 12 38.268  2006 06 27 13 16 00.268 1 BH? 
RSSD IU 2006 06 27 02 54 09.445  2006 06 27 02 57 31.445 1 BH? 
RSSD IU 2006 06 22 11 11 27.734  2006 06 22 11 14 49.734 1 BH? 
RSSD IU 2006 06 18 18 42 30.532  2006 06 18 18 45 52.532 1 BH? 
RSSD IU 2006 06 14 05 01 11.401  2006 06 14 05 04 33.401 1 BH? 
RSSD IU 2006 06 14 04 33 14.831  2006 06 14 04 36 36.831 1 BH? 
RSSD IU 2006 05 22 13 23 56.485  2006 05 22 13 27 18.485 1 BH? 
RSSD IU 2006 05 22 11 27 00.120  2006 05 22 11 30 22.120 1 BH? 
RSSD IU 2006 05 21 02 20 58.812  2006 05 21 02 24 20.812 1 BH? 
RSSD IU 2006 05 18 23 20 31.584  2006 05 18 23 23 53.584 1 BH? 
RSSD IU 2006 05 10 02 55 24.807  2006 05 10 02 58 46.807 1 BH? 
RSSD IU 2006 05 09 11 17 22.730  2006 05 09 11 20 44.730 1 BH? 
RSSD IU 2006 05 01 20 26 00.840  2006 05 01 20 29 22.840 1 BH? 
RSSD IU 2006 05 01 08 00 03.742  2006 05 01 08 03 25.742 1 BH? 
RSSD IU 2006 04 29 17 12 58.064  2006 04 29 17 16 20.064 1 BH? 
RSSD IU 2006 04 21 11 28 59.022  2006 04 21 11 32 21.022 1 BH? 
RSSD IU 2006 04 21 04 47 45.551  2006 04 21 04 51 07.551 1 BH? 
RSSD IU 2006 04 20 23 42 56.614  2006 04 20 23 46 18.614 1 BH? 
RSSD IU 2006 04 12 01 22 33.758  2006 04 12 01 25 55.758 1 BH? 
RSSD IU 2006 04 10 06 44 36.987  2006 04 10 06 47 58.987 1 BH? 
RSSD IU 2006 04 09 21 09 40.345  2006 04 09 21 13 02.345 1 BH? 
RSSD IU 2006 02 06 06 07 08.933  2006 02 06 06 10 30.933 1 BH? 
RSSD IU 2006 02 04 09 30 12.906  2006 02 04 09 33 34.906 1 BH? 
RSSD IU 2006 01 23 21 03 38.704  2006 01 23 21 07 00.704 1 BH? 
RSSD IU 2006 01 20 09 08 18.310  2006 01 20 09 11 40.310 1 BH? 
RSSD IU 2006 01 06 03 52 29.415  2006 01 06 03 55 51.415 1 BH? 
RSSD IU 2005 12 30 18 38 57.317  2005 12 30 18 42 19.317 1 BH? 
RSSD IU 2005 12 23 22 01 34.089  2005 12 23 22 04 56.089 1 BH? 
RSSD IU 2005 12 21 14 45 04.434  2005 12 21 14 48 26.434 1 BH? 
RSSD IU 2005 12 16 10 35 25.001  2005 12 16 10 38 47.001 1 BH? 
RSSD IU 2005 12 11 16 13 15.168  2005 12 11 16 16 37.168 1 BH? 
RSSD IU 2005 11 22 15 21 06.205  2005 11 22 15 24 28.205 1 BH? 
RSSD IU 2005 11 20 13 04 45.377  2005 11 20 13 08 07.377 1 BH? 
RSSD IU 2005 11 17 19 45 53.896  2005 11 17 19 49 15.896 1 BH? 
RSSD IU 2005 11 10 19 48 55.797  2005 11 10 19 52 17.797 1 BH? 
RSSD IU 2005 11 09 11 47 08.343  2005 11 09 11 50 30.343 1 BH? 
RSSD IU 2005 10 20 15 39 03.521  2005 10 20 15 42 25.521 1 BH? 
RSSD IU 2005 10 17 19 41 12.334  2005 10 17 19 44 34.334 1 BH? 
RSSD IU 2005 10 15 10 24 01.357  2005 10 15 10 27 23.357 1 BH? 
RSSD IU 2005 10 07 17 53 09.703  2005 10 07 17 56 31.703 1 BH? 
RSSD IU 2005 09 23 13 58 10.653  2005 09 23 14 01 32.653 1 BH? 
RSSD IU 2005 09 21 02 43 52.958  2005 09 21 02 47 14.958 1 BH? 
RSSD IU 2005 08 27 18 50 46.001  2005 08 27 18 54 08.001 1 BH? 
RSSD IU 2005 08 21 10 03 46.460  2005 08 21 10 07 08.460 1 BH? 
RSSD IU 2005 08 14 02 58 15.531  2005 08 14 03 01 37.531 1 BH? 
RSSD IU 2005 08 05 01 10 49.414  2005 08 05 01 14 11.414 1 BH? 
RSSD IU 2005 08 04 10 46 08.130  2005 08 04 10 49 30.130 1 BH? 
RSSD IU 2005 08 03 11 14 20.006  2005 08 03 11 17 42.006 1 BH? 
RSSD IU 2005 07 26 14 29 06.111  2005 07 26 14 32 28.111 1 BH? 
RSSD IU 2005 07 26 12 33 37.260  2005 07 26 12 36 59.260 1 BH? 
RSSD IU 2005 07 13 12 24 29.837  2005 07 13 12 27 51.837 1 BH? 
RSSD IU 2005 07 11 12 19 54.668  2005 07 11 12 23 16.668 1 BH? 
RSSD IU 2005 07 02 04 21 54.695  2005 07 02 04 25 16.695 1 BH? 
RSSD IU 2005 07 02 02 27 37.940  2005 07 02 02 30 59.940 1 BH? 
RSSD IU 2005 06 30 21 38 30.580  2005 06 30 21 41 52.580 1 BH? 
RSSD IU 2005 06 19 02 19 28.222  2005 06 19 02 22 50.222 1 BH? 
RSSD IU 2005 06 14 17 24 25.522  2005 06 14 17 27 47.522 1 BH? 
RSSD IU 2005 05 21 05 26 15.303  2005 05 21 05 29 37.303 1 BH? 
RSSD IU 2005 05 05 23 54 42.279  2005 05 05 23 58 04.279 1 BH? 
RSSD IU 2005 05 05 19 24 55.615  2005 05 05 19 28 17.615 1 BH? 
RSSD IU 2005 05 03 19 29 12.107  2005 05 03 19 32 34.107 1 BH? 
RSSD IU 2005 04 21 09 39 53.099  2005 04 21 09 43 15.099 1 BH? 
RSSD IU 2005 04 16 22 59 24.983  2005 04 16 23 02 46.983 1 BH? 
RSSD IU 2005 04 11 15 09 35.731  2005 04 11 15 12 57.731 1 BH? 
RSSD IU 2005 04 09 15 26 48.754  2005 04 09 15 30 10.754 1 BH? 
RSSD IU 2005 04 02 13 07 09.061  2005 04 02 13 10 31.061 1 BH? 
RSSD IU 2005 03 17 13 46 41.887  2005 03 17 13 50 03.887 1 BH? 
RSSD IU 2005 03 15 00 26 16.757  2005 03 15 00 29 38.757 1 BH? 
RSSD IU 2005 03 06 05 36 14.972  2005 03 06 05 39 36.972 1 BH? 
RSSD IU 2005 02 24 05 13 38.060  2005 02 24 05 17 00.060 1 BH? 
RSSD IU 2005 02 14 18 19 17.889  2005 02 14 18 22 39.889 1 BH? 
RSSD IU 2005 02 10 02 44 58.004  2005 02 10 02 48 20.004 1 BH? 
RSSD IU 2005 01 30 07 21 00.753  2005 01 30 07 24 22.753 1 BH? 
RSSD IU 2005 01 28 16 01 01.267  2005 01 28 16 04 23.267 1 BH? 
RSSD IU 2005 01 28 09 40 36.201  2005 01 28 09 43 58.201 1 BH? 
RSSD IU 2005 01 24 23 41 13.488  2005 01 24 23 44 35.488 1 BH? 
RSSD IU 2005 01 24 23 37 47.818  2005 01 24 23 41 09.818 1 BH? 
RSSD IU 2005 01 21 13 59 31.430  2005 01 21 14 02 53.430 1 BH? 
RSSD IU 2005 01 18 14 28 17.965  2005 01 18 14 31 39.965 1 BH? 
RSSD IU 2004 12 28 21 20 03.958  2004 12 28 21 23 25.958 1 BH? 
RSSD IU 2004 12 18 18 15 13.815  2004 12 18 18 18 35.815 1 BH? 
RSSD IU 2004 12 18 07 03 41.279  2004 12 18 07 07 03.279 1 BH? 
RSSD IU 2004 12 14 23 30 01.512  2004 12 14 23 33 23.512 1 BH? 
RSSD IU 2004 12 14 06 15 36.928  2004 12 14 06 18 58.928 1 BH? 
RSSD IU 2004 12 13 15 33 43.642  2004 12 13 15 37 05.642 1 BH? 
RSSD IU 2004 12 06 14 34 24.141  2004 12 06 14 37 46.141 1 BH? 
RSSD IU 2004 12 02 19 30 45.101  2004 12 02 19 34 07.101 1 BH? 
RSSD IU 2004 11 28 18 55 51.782  2004 11 28 18 59 13.782 1 BH? 
RSSD IU 2004 11 28 18 51 24.578  2004 11 28 18 54 46.578 1 BH? 
RSSD IU 2004 11 28 02 54 08.205  2004 11 28 02 57 30.205 1 BH? 
RSSD IU 2004 11 21 11 54 27.057  2004 11 21 11 57 49.057 1 BH? 
RSSD IU 2004 11 20 22 11 50.102  2004 11 20 22 15 12.102 1 BH? 
RSSD IU 2004 11 20 08 18 57.298  2004 11 20 08 22 19.298 1 BH? 
RSSD IU 2004 11 15 09 20 19.017  2004 11 15 09 23 41.017 1 BH? 
RSSD IU 2004 11 11 10 22 10.718  2004 11 11 10 25 32.718 1 BH? 
RSSD IU 2004 11 07 02 19 41.269  2004 11 07 02 23 03.269 1 BH? 
RSSD IU 2004 11 04 14 22 03.139  2004 11 04 14 25 25.139 1 BH? 
RSSD IU 2004 10 09 21 37 43.736  2004 10 09 21 41 05.736 1 BH? 
RSSD IU 2004 09 28 21 50 00.846  2004 09 28 21 53 22.846 1 BH? 
RSSD IU 2004 09 19 20 40 54.503  2004 09 19 20 44 16.504 1 BH? 
RSSD IU 2004 09 13 03 18 46.547  2004 09 13 03 22 08.547 1 BH? 
RSSD IU 2004 09 09 16 43 20.859  2004 09 09 16 46 42.859 1 BH? 
RSSD IU 2004 08 30 12 40 32.184  2004 08 30 12 43 54.184 1 BH? 
RSSD IU 2004 08 07 09 42 32.229  2004 08 07 09 45 54.229 1 BH? 
RSSD IU 2004 08 01 20 00 57.914  2004 08 01 20 04 19.914 1 BH? 
RSSD IU 2004 07 12 00 04 24.223  2004 07 12 00 07 46.223 1 BH? 
RSSD IU 2004 07 08 20 13 13.858  2004 07 08 20 16 35.858 1 BH? 
RSSD IU 2004 07 08 10 48 32.232  2004 07 08 10 51 54.232 1 BH? 
RSSD IU 2004 06 29 07 12 36.835  2004 06 29 07 15 58.835 1 BH? 
RSSD IU 2004 06 20 01 50 19.628  2004 06 20 01 53 41.628 1 BH? 
RSSD IU 2004 06 10 18 31 34.007  2004 06 10 18 34 56.007 1 BH? 
RSSD IU 2004 06 10 15 35 31.649  2004 06 10 15 38 53.649 1 BH? 
RSSD IU 2004 06 10 09 10 41.040  2004 06 10 09 14 03.040 1 BH? 
RSSD IU 2004 06 08 09 05 44.914  2004 06 08 09 09 06.914 1 BH? 
RSSD IU 2004 05 03 05 22 11.337  2004 05 03 05 25 33.337 1 BH? 
RSSD IU 2004 04 29 01 08 27.823  2004 04 29 01 11 49.823 1 BH? 
RSSD IU 2004 04 24 23 19 42.471  2004 04 24 23 23 04.471 1 BH? 
RSSD IU 2004 04 14 23 22 12.778  2004 04 14 23 25 34.778 1 BH? 
RSSD IU 2004 04 14 02 09 54.381  2004 04 14 02 13 16.381 1 BH? 
RSSD IU 2004 04 11 18 25 24.422  2004 04 11 18 28 46.422 1 BH? 
RSSD IU 2004 03 26 15 39 34.588  2004 03 26 15 42 56.588 1 BH? 
RSSD IU 2004 03 17 03 39 39.399  2004 03 17 03 43 01.399 1 BH? 
RSSD IU 2004 03 08 23 56 05.193  2004 03 08 23 59 27.193 1 BH? 
RSSD IU 2004 03 02 03 58 07.849  2004 03 02 04 01 29.849 1 BH? 
RSSD IU 2004 02 25 18 32 11.341  2004 02 25 18 35 33.341 1 BH? 
RSSD IU 2004 02 24 02 46 58.231  2004 02 24 02 50 20.231 1 BH? 
RSSD IU 2004 02 04 12 11 44.630  2004 02 04 12 15 06.630 1 BH? 
RSSD IU 2004 01 27 16 18 53.888  2004 01 27 16 22 15.888 1 BH? 
RSSD IU 2004 01 24 13 15 37.182  2004 01 24 13 18 59.182 1 BH? 
RSSD IU 2004 01 16 18 26 09.748  2004 01 16 18 29 31.748 1 BH? 
RSSD IU 2003 12 30 10 08 33.583  2003 12 30 10 11 55.583 1 BH? 
RSSD IU 2003 12 29 01 50 16.375  2003 12 29 01 53 38.375 1 BH? 
RSSD IU 2003 12 25 07 23 09.692  2003 12 25 07 26 31.692 1 BH? 
RSSD IU 2003 12 09 12 58 05.805  2003 12 09 13 01 27.805 1 BH? 
RSSD IU 2003 12 05 21 41 43.786  2003 12 05 21 45 05.786 1 BH? 
RSSD IU 2003 12 03 14 30 35.345  2003 12 03 14 33 57.345 1 BH? 
RSSD IU 2003 11 27 06 18 45.835  2003 11 27 06 22 07.835 1 BH? 
RSSD IU 2003 11 18 08 04 29.082  2003 11 18 08 07 51.082 1 BH? 
RSSD IU 2003 11 05 01 12 05.312  2003 11 05 01 15 27.312 1 BH? 
RSSD IU 2003 10 28 22 07 05.353  2003 10 28 22 10 27.353 1 BH? 
RSSD IU 2003 10 11 00 28 16.595  2003 10 11 00 31 38.595 1 BH? 
RSSD IU 2003 10 08 23 34 41.014  2003 10 08 23 38 03.014 1 BH? 
RSSD IU 2003 10 08 13 51 32.371  2003 10 08 13 54 54.371 1 BH? 
RSSD IU 2003 10 08 09 26 14.546  2003 10 08 09 29 36.546 1 BH? 
RSSD IU 2003 09 29 02 56 16.283  2003 09 29 02 59 38.283 1 BH? 
RSSD IU 2003 09 26 20 57 49.811  2003 09 26 21 01 11.811 1 BH? 
RSSD IU 2003 09 26 06 46 20.833  2003 09 26 06 49 42.833 1 BH? 
RSSD IU 2003 09 25 18 57 54.168  2003 09 25 19 01 16.168 1 BH? 
RSSD IU 2003 09 22 04 56 49.656  2003 09 22 05 00 11.656 1 BH? 
RSSD IU 2003 09 17 21 53 42.418  2003 09 17 21 57 04.418 1 BH? 
RSSD IU 2003 09 06 02 22 20.991  2003 09 06 02 25 42.991 1 BH? 
RSSD IU 2003 09 04 23 52 25.382  2003 09 04 23 55 47.382 1 BH? 
RSSD IU 2003 08 26 21 29 53.576  2003 08 26 21 33 15.576 1 BH? 
RSSD IU 2003 08 25 06 38 16.926  2003 08 25 06 41 38.926 1 BH? 
RSSD IU 2003 08 02 17 45 22.065  2003 08 02 17 48 44.065 1 BH? 
RSSD IU 2003 07 27 11 59 42.388  2003 07 27 12 03 04.388 1 BH? 
RSSD IU 2003 07 27 06 43 22.628  2003 07 27 06 46 44.628 1 BH? 
RSSD IU 2003 07 03 00 11 48.393  2003 07 03 00 15 10.393 1 BH? 
RSSD IU 2003 06 30 00 20 31.726  2003 06 30 00 23 53.726 1 BH? 
RSSD IU 2003 06 25 01 53 04.242  2003 06 25 01 56 26.242 1 BH? 
RSSD IU 2003 06 23 12 27 14.271  2003 06 23 12 30 36.271 1 BH? 
RSSD IU 2003 06 20 06 34 33.357  2003 06 20 06 37 55.357 1 BH? 
RSSD IU 2003 06 16 22 23 41.079  2003 06 16 22 27 03.079 1 BH? 
RSSD IU 2003 06 15 19 39 07.737  2003 06 15 19 42 29.737 1 BH? 
RSSD IU 2003 06 13 18 38 11.017  2003 06 13 18 41 33.017 1 BH? 
RSSD IU 2003 06 04 00 16 12.732  2003 06 04 00 19 34.732 1 BH? 
RSSD IU 2003 05 23 11 17 50.247  2003 05 23 11 21 12.247 1 BH? 
RSSD IU 2003 05 14 06 16 55.635  2003 05 14 06 20 17.635 1 BH? 
RSSD IU 2003 05 08 16 49 59.865  2003 05 08 16 53 21.865 1 BH? 
RSSD IU 2003 04 29 14 12 04.365  2003 04 29 14 15 26.365 1 BH? 
RSSD IU 2003 04 27 23 12 47.137  2003 04 27 23 16 09.137 1 BH? 
RSSD IU 2003 04 24 11 13 47.812  2003 04 24 11 17 09.812 1 BH? 
RSSD IU 2003 04 11 06 25 20.656  2003 04 11 06 28 42.656 1 BH? 
RSSD IU 2003 04 02 03 58 01.447  2003 04 02 04 01 23.447 1 BH? 
RSSD IU 2003 03 17 19 10 13.853  2003 03 17 19 13 35.853 1 BH? 
RSSD IU 2003 03 17 16 50 43.593  2003 03 17 16 54 05.593 1 BH? 
RSSD IU 2003 03 15 19 57 55.405  2003 03 15 20 01 17.405 1 BH? 
RSSD IU 2003 02 19 05 20 27.562  2003 02 19 05 23 49.562 1 BH? 
RSSD IU 2003 02 19 03 44 30.787  2003 02 19 03 47 52.787 1 BH? 
RSSD IU 2003 01 21 02 56 46.713  2003 01 21 03 00 08.713 1 BH? 
RSSD IU 2003 01 08 14 42 14.939  2003 01 08 14 45 36.939 1 BH? 
RSSD IU 2002 12 24 13 06 27.933  2002 12 24 13 09 49.933 1 BH? 
RSSD IU 2002 12 23 13 55 52.675  2002 12 23 13 59 14.675 1 BH? 
RSSD IU 2002 11 26 01 01 31.837  2002 11 26 01 04 53.837 1 BH? 
RSSD IU 2002 11 21 03 04 28.273  2002 11 21 03 07 50.273 1 BH? 
RSSD IU 2002 11 17 05 10 54.881  2002 11 17 05 14 16.881 1 BH? 
RSSD IU 2002 11 09 00 24 11.709  2002 11 09 00 27 33.709 1 BH? 
RSSD IU 2002 11 07 15 28 20.887  2002 11 07 15 31 42.887 1 BH? 
RSSD IU 2002 10 23 11 37 06.752  2002 10 23 11 40 28.752 1 BH? 
RSSD IU 2002 10 19 12 27 40.824  2002 10 19 12 31 02.824 1 BH? 
RSSD IU 2002 10 16 10 28 55.557  2002 10 16 10 32 17.557 1 BH? 
RSSD IU 2002 10 12 20 24 18.958  2002 10 12 20 27 40.958 1 BH? 
RSSD IU 2002 10 07 20 17 06.993  2002 10 07 20 20 28.993 1 BH? 
RSSD IU 2002 09 16 19 02 31.350  2002 09 16 19 05 53.350 1 BH? 
RSSD IU 2002 08 24 18 59 58.963  2002 08 24 19 03 20.963 1 BH? 
RSSD IU 2002 08 08 13 53 12.094  2002 08 08 13 56 34.094 1 BH? 
RSSD IU 2002 08 08 00 11 25.103  2002 08 08 00 14 47.103 1 BH? 
RSSD IU 2002 08 03 02 51 05.251  2002 08 03 02 54 27.251 1 BH? 
RSSD IU 2002 07 31 00 28 54.338  2002 07 31 00 32 16.338 1 BH? 
RSSD IU 2002 07 25 12 49 55.428  2002 07 25 12 53 17.428 1 BH? 
RSSD IU 2002 07 02 10 35 31.250  2002 07 02 10 38 53.250 1 BH? 
RSSD IU 2002 06 17 13 40 03.189  2002 06 17 13 43 25.189 1 BH? 
RSSD IU 2002 06 17 13 32 09.422  2002 06 17 13 35 31.422 1 BH? 
RSSD IU 2002 06 16 02 57 57.386  2002 06 16 03 01 19.386 1 BH? 
RSSD IU 2002 05 28 04 22 27.581  2002 05 28 04 25 49.581 1 BH? 
RSSD IU 2002 05 25 05 47 50.464  2002 05 25 05 51 12.464 1 BH? 
RSSD IU 2002 05 08 20 01 29.553  2002 05 08 20 04 51.553 1 BH? 
RSSD IU 2002 04 26 07 31 22.429  2002 04 26 07 34 44.429 1 BH? 
RSSD IU 2002 04 21 22 39 22.883  2002 04 21 22 42 44.883 1 BH? 
RSSD IU 2002 03 28 06 03 24.088  2002 03 28 06 06 46.088 1 BH? 
RSSD IU 2002 03 28 05 15 47.238  2002 03 28 05 19 09.238 1 BH? 
RSSD IU 2002 03 20 04 15 26.649  2002 03 20 04 18 48.649 1 BH? 
RSSD IU 2002 03 17 04 11 09.651  2002 03 17 04 14 31.651 1 BH? 
RSSD IU 2002 03 14 16 21 52.128  2002 03 14 16 25 14.128 1 BH? 
RSSD IU 2002 02 14 23 32 53.652  2002 02 14 23 36 15.652 1 BH? 
RSSD IU 2002 01 28 14 07 46.073  2002 01 28 14 11 08.073 1 BH? 
RSSD IU 2002 01 24 21 21 19.342  2002 01 24 21 24 41.342 1 BH? 
RSSD IU 2002 01 21 16 06 48.153  2002 01 21 16 10 10.153 1 BH? 
RSSD IU 2002 01 16 23 19 05.856  2002 01 16 23 22 27.856 1 BH? 
RSSD IU 2002 01 12 08 37 15.650  2002 01 12 08 40 37.650 1 BH? 
RSSD IU 2002 01 07 03 06 00.764  2002 01 07 03 09 22.764 1 BH? 
RSSD IU 2002 01 06 22 19 59.206  2002 01 06 22 23 21.206 1 BH? 
RSSD IU 2002 01 06 01 50 43.360  2002 01 06 01 54 05.360 1 BH? 
RSSD IU 2001 12 28 22 25 24.579  2001 12 28 22 28 46.579 1 BH? 
RSSD IU 2001 12 13 14 05 13.800  2001 12 13 14 08 35.800 1 BH? 
RSSD IU 2001 12 04 06 15 07.047  2001 12 04 06 18 29.047 1 BH? 
RSSD IU 2001 11 17 19 20 47.494  2001 11 17 19 24 09.494 1 BH? 
RSSD IU 2001 11 13 10 58 31.892  2001 11 13 11 01 53.892 1 BH? 
RSSD IU 2001 11 12 23 54 34.919  2001 11 12 23 57 56.919 1 BH? 
RSSD IU 2001 11 09 00 59 42.924  2001 11 09 01 03 04.924 1 BH? 
RSSD IU 2001 10 26 19 17 16.614  2001 10 26 19 20 38.614 1 BH? 
RSSD IU 2001 10 17 11 41 16.514  2001 10 17 11 44 38.514 1 BH? 
RSSD IU 2001 10 10 00 11 22.448  2001 10 10 00 14 44.448 1 BH? 
RSSD IU 2001 10 08 18 37 02.174  2001 10 08 18 40 24.174 1 BH? 
RSSD IU 2001 10 08 18 30 59.041  2001 10 08 18 34 21.041 1 BH? 
RSSD IU 2001 10 03 17 42 44.917  2001 10 03 17 46 06.917 1 BH? 
RSSD IU 2001 09 22 03 36 52.475  2001 09 22 03 40 14.475 1 BH? 
RSSD IU 2001 08 28 07 15 12.928  2001 08 28 07 18 34.928 1 BH? 
RSSD IU 2001 08 25 02 14 14.780  2001 08 25 02 17 36.780 1 BH? 
RSSD IU 2001 08 09 02 24 35.781  2001 08 09 02 27 57.781 1 BH? 
RSSD IU 2001 08 02 23 56 47.609  2001 08 03 00 00 09.609 1 BH? 
RSSD IU 2001 07 31 12 38 20.095  2001 07 31 12 41 42.095 1 BH? 
RSSD IU 2001 07 28 07 42 48.958  2001 07 28 07 46 10.958 1 BH? 
RSSD IU 2001 07 24 05 18 58.337  2001 07 24 05 22 20.337 1 BH? 
RSSD IU 2001 07 19 18 10 29.065  2001 07 19 18 13 51.065 1 BH? 
RSSD IU 2001 07 13 20 02 43.192  2001 07 13 20 06 05.192 1 BH? 
RSSD IU 2001 07 05 14 11 32.866  2001 07 05 14 14 54.866 1 BH? 
RSSD IU 2001 07 04 12 27 46.092  2001 07 04 12 31 08.092 1 BH? 
RSSD IU 2001 06 29 18 54 10.129  2001 06 29 18 57 32.129 1 BH? 
RSSD IU 2001 06 26 12 47 51.181  2001 06 26 12 51 13.181 1 BH? 
RSSD IU 2001 06 26 04 36 52.947  2001 06 26 04 40 14.947 1 BH? 
RSSD IU 2001 06 25 06 56 47.267  2001 06 25 07 00 09.267 1 BH? 
RSSD IU 2001 06 24 13 37 37.460  2001 06 24 13 40 59.460 1 BH? 
RSSD IU 2001 06 23 23 28 02.541  2001 06 23 23 31 24.541 1 BH? 
RSSD IU 2001 06 23 22 42 37.645  2001 06 23 22 45 59.645 1 BH? 
RSSD IU 2001 06 23 21 45 44.294  2001 06 23 21 49 06.294 1 BH? 
RSSD IU 2001 06 23 21 24 00.818  2001 06 23 21 27 22.818 1 BH? 
RSSD IU 2001 06 23 21 14 19.661  2001 06 23 21 17 41.661 1 BH? 
RSSD IU 2001 06 20 00 22 42.610  2001 06 20 00 26 04.610 1 BH? 
RSSD IU 2001 06 19 14 25 23.800  2001 06 19 14 28 45.800 1 BH? 
RSSD IU 2001 06 19 09 51 31.026  2001 06 19 09 54 53.026 1 BH? 
RSSD IU 2001 06 14 20 03 00.471  2001 06 14 20 06 22.471 1 BH? 
RSSD IU 2001 05 25 00 59 35.269  2001 05 25 01 02 57.269 1 BH? 
RSSD IU 2001 05 08 18 12 33.706  2001 05 08 18 15 55.706 1 BH? 
RSSD IU 2001 04 26 19 10 48.279  2001 04 26 19 14 10.279 1 BH? 
RSSD IU 2001 04 26 18 07 55.463  2001 04 26 18 11 17.463 1 BH? 
RSSD IU 2001 04 17 22 08 10.396  2001 04 17 22 11 32.396 1 BH? 
RSSD IU 2001 03 29 07 04 44.280  2001 03 29 07 08 06.280 1 BH? 
RSSD IU 2001 03 23 11 48 57.266  2001 03 23 11 52 19.266 1 BH? 
RSSD IU 2001 03 18 15 53 44.745  2001 03 18 15 57 06.745 1 BH? 
RSSD IU 2001 03 16 04 54 53.486  2001 03 16 04 58 15.486 1 BH? 
RSSD IU 2001 03 16 00 11 32.698  2001 03 16 00 14 54.698 1 BH? 
RSSD IU 2001 02 28 19 00 21.638  2001 02 28 19 03 43.638 1 BH? 
RSSD IU 2001 02 26 06 16 00.860  2001 02 26 06 19 22.860 1 BH? 
RSSD IU 2001 02 24 18 17 19.817  2001 02 24 18 20 41.817 1 BH? 
RSSD IU 2001 02 21 15 37 14.178  2001 02 21 15 40 36.178 1 BH? 
RSSD IU 2001 02 13 14 32 21.015  2001 02 13 14 35 43.015 1 BH? 
RSSD IU 2001 02 07 15 32 07.113  2001 02 07 15 35 29.113 1 BH? 
RSSD IU 2001 02 07 10 33 19.412  2001 02 07 10 36 41.412 1 BH? 
RSSD IU 2001 02 02 08 20 56.573  2001 02 02 08 24 18.573 1 BH? 
RSSD IU 2001 02 01 18 33 20.799  2001 02 01 18 36 42.799 1 BH? 
RSSD IU 2001 01 23 05 33 21.472  2001 01 23 05 36 43.472 1 BH? 
RSSD IU 2001 01 19 01 22 07.009  2001 01 19 01 25 29.009 1 BH? 
RSSD IU 2001 01 16 11 08 31.518  2001 01 16 11 11 53.518 1 BH? 
RSSD IU 2001 01 16 08 32 28.285  2001 01 16 08 35 50.285 1 BH? 
RSSD IU 2001 01 15 12 30 23.662  2001 01 15 12 33 45.662 1 BH? 
RSSD IU 2001 01 14 22 51 43.543  2001 01 14 22 55 05.543 1 BH? 
RSSD IU 2001 01 12 11 05 22.382  2001 01 12 11 08 44.382 1 BH? 
RSSD IU 2001 01 10 16 12 52.223  2001 01 10 16 16 14.223 1 BH? 
RSSD IU 2001 01 05 08 20 05.322  2001 01 05 08 23 27.322 1 BH? 
RSSD IU 2001 01 03 15 06 38.027  2001 01 03 15 10 00.027 1 BH? 
RSSD IU 2000 12 22 10 31 26.583  2000 12 22 10 34 48.583 1 BH? 
RSSD IU 2000 12 12 05 39 22.734  2000 12 12 05 42 44.734 1 BH? 
RSSD IU 2000 12 05 22 23 56.089  2000 12 05 22 27 18.089 1 BH? 
RSSD IU 2000 12 04 04 52 38.366  2000 12 04 04 56 00.366 1 BH? 
RSSD IU 2000 12 03 13 09 06.143  2000 12 03 13 12 28.143 1 BH? 
RSSD IU 2000 12 01 13 42 27.786  2000 12 01 13 45 49.786 1 BH? 
RSSD IU 2000 11 29 10 45 52.309  2000 11 29 10 49 14.309 1 BH? 
RSSD IU 2000 11 13 16 16 42.333  2000 11 13 16 20 04.333 1 BH? 
RSSD IU 2000 11 13 07 01 58.697  2000 11 13 07 05 20.697 1 BH? 
RSSD IU 2000 11 08 07 12 49.092  2000 11 08 07 16 11.092 1 BH? 
RSSD IU 2000 11 06 11 50 38.201  2000 11 06 11 54 00.202 1 BH? 
RSSD IU 2000 11 01 04 43 38.724  2000 11 01 04 47 00.724 1 BH? 
RSSD IU 2000 10 30 03 20 11.091  2000 10 30 03 23 33.091 1 BH? 
RSSD IU 2000 10 21 16 05 45.871  2000 10 21 16 09 07.871 1 BH? 
RSSD IU 2000 10 17 20 09 36.819  2000 10 17 20 12 58.819 1 BH? 
RSSD IU 2000 10 05 13 53 36.725  2000 10 05 13 56 58.725 1 BH? 
RSSD IU 2000 10 04 14 51 29.281  2000 10 04 14 54 51.281 1 BH? 
RSSD IU 2000 09 28 23 37 51.646  2000 09 28 23 41 13.646 1 BH? 
RSSD IU 2000 09 23 02 37 09.160  2000 09 23 02 40 31.160 1 BH? 
RSSD IU 2000 08 19 17 45 16.941  2000 08 19 17 48 38.941 1 BH? 
RSSD IU 2000 08 15 20 39 46.210  2000 08 15 20 43 08.210 1 BH? 
RSSD IU 2000 08 04 21 31 50.844  2000 08 04 21 35 12.844 1 BH? 
RSSD IU 2000 08 03 19 40 31.102  2000 08 03 19 43 53.102 1 BH? 
RSSD IU 2000 07 21 02 05 04.239  2000 07 21 02 08 26.239 1 BH? 
RSSD IU 2000 07 11 01 42 41.583  2000 07 11 01 46 03.583 1 BH? 
RSSD IU 2000 07 10 10 15 58.281  2000 07 10 10 19 20.281 1 BH? 
RSSD IU 2000 07 07 16 00 52.595  2000 07 07 16 04 14.595 1 BH? 
RSSD IU 2000 06 21 01 05 51.374  2000 06 21 01 09 13.374 1 BH? 
RSSD IU 2000 06 17 15 56 58.890  2000 06 17 16 00 20.890 1 BH? 
RSSD IU 2000 06 17 15 54 47.809  2000 06 17 15 58 09.809 1 BH? 
RSSD IU 2000 05 22 13 30 00.773  2000 05 22 13 33 22.773 1 BH? 
RSSD IU 2000 05 21 20 13 19.918  2000 05 21 20 16 41.918 1 BH? 
RSSD IU 2000 05 19 20 44 25.967  2000 05 19 20 47 47.967 1 BH? 
RSSD IU 2000 04 29 20 07 45.518  2000 04 29 20 11 07.518 1 BH? 
RSSD IU 2000 04 21 04 49 10.444  2000 04 21 04 52 32.444 1 BH? 
RSSD IU 2000 03 25 16 33 47.054  2000 03 25 16 37 09.054 1 BH? 
RSSD IU 2000 03 12 22 30 57.377  2000 03 12 22 34 19.377 1 BH? 
RSSD IU 2000 02 26 18 36 44.449  2000 02 26 18 40 06.449 1 BH? 
RSSD IU 2000 02 20 08 39 07.426  2000 02 20 08 42 29.426 1 BH? 
RSSD IU 2000 01 28 14 40 06.220  2000 01 28 14 43 28.220 1 BH? 
RSSD IU 2000 01 20 06 23 49.858  2000 01 20 06 27 11.858 1 BH? 
RSSD IU 2000 01 08 12 18 42.290  2000 01 08 12 22 04.290 1 BH? 
RSSD IU 2000 01 02 13 12 17.198  2000 01 02 13 15 39.198 1 BH? 
RSSD IU 1999 12 28 12 59 40.241  1999 12 28 13 03 02.241 1 BH? 
RSSD IU 1999 12 22 22 21 35.602  1999 12 22 22 24 57.602 1 BH? 
RSSD IU 1999 12 17 04 21 37.301  1999 12 17 04 24 59.301 1 BH? 
RSSD IU 1999 12 12 18 06 48.186  1999 12 12 18 10 10.186 1 BH? 
RSSD IU 1999 12 07 00 30 07.585  1999 12 07 00 33 29.585 1 BH? 
RSSD IU 1999 12 06 23 22 49.827  1999 12 06 23 26 11.827 1 BH? 
RSSD IU 1999 12 01 19 33 06.629  1999 12 01 19 36 28.629 1 BH? 
RSSD IU 1999 11 30 04 20 21.842  1999 11 30 04 23 43.842 1 BH? 
RSSD IU 1999 11 27 23 28 05.751  1999 11 27 23 31 27.751 1 BH? 
RSSD IU 1999 11 27 02 49 19.177  1999 11 27 02 52 41.177 1 BH? 
RSSD IU 1999 11 26 00 44 37.375  1999 11 26 00 47 59.375 1 BH? 
RSSD IU 1999 11 21 04 10 15.202  1999 11 21 04 13 37.202 1 BH? 
RSSD IU 1999 11 13 19 46 15.358  1999 11 13 19 49 37.358 1 BH? 
RSSD IU 1999 11 11 02 58 22.839  1999 11 11 03 01 44.839 1 BH? 
RSSD IU 1999 10 24 04 40 18.036  1999 10 24 04 43 40.036 1 BH? 
RSSD IU 1999 10 13 01 44 58.510  1999 10 13 01 48 20.510 1 BH? 
RSSD IU 1999 10 03 02 26 25.980  1999 10 03 02 29 47.980 1 BH? 
RSSD IU 1999 09 28 05 16 01.089  1999 09 28 05 19 23.089 1 BH? 
